Gen	np	tree	tau_6L_kavanaughi_MT_Bitterroot_RiverL_kavanaughi_MT_Lost_Horse_CreekL_kavanaughi_OR_Lostine_River_ValleyL_kavanaughi_OR_Little_Philips_CreekL_kavanaughi_OR_Lostine_River	tau_8L_kavanaughi_OR_Lostine_River_ValleyL_kavanaughi_OR_Little_Philips_CreekL_kavanaughi_OR_Lostine_River	tau_9L_kavanaughi_OR_Little_Philips_CreekL_kavanaughi_OR_Lostine_River	lnL
10	1	1000	0.001069	-10811.095
20	1	1000	0.001013	-10794.889
30	2	1100	0.001412	0.000235	-10806.982
40	1	1000	0.001431	-10818.236
50	1	1000	0.001515	-10810.511
60	2	1100	0.001319	0.000213	-10804.052
70	1	1000	0.001235	-10814.446
80	1	1000	0.001469	-10806.369
90	2	1100	0.001422	0.000361	-10811.882
100	2	1100	0.001057	0.000054	-10818.457
110	2	1100	0.001551	0.000210	-10807.450
120	2	1100	0.001931	0.000326	-10816.632
130	2	1100	0.001904	0.000471	-10822.305
140	2	1100	0.001538	0.000037	-10811.941
150	1	1000	0.001669	-10808.511
160	2	1100	0.001947	0.000274	-10824.647
170	1	1000	0.001763	-10811.453
180	2	1100	0.001635	0.000191	-10810.027
190	2	1100	0.002169	0.000212	-10814.319
200	2	1100	0.001296	0.000622	-10821.837
210	2	1100	0.001737	0.000359	-10809.984
220	1	1000	0.001647	-10823.105
230	1	1000	0.001369	-10810.747
240	1	1000	0.001382	-10812.653
250	1	1000	0.001679	-10808.805
260	1	1000	0.001882	-10806.717
270	1	1000	0.001398	-10800.994
280	1	1000	0.001397	-10814.541
290	1	1000	0.001450	-10811.300
300	2	1100	0.001375	0.000523	-10811.574
310	2	1100	0.001344	0.000118	-10816.707
320	1	1000	0.001596	-10810.185
330	2	1100	0.001357	0.000447	-10806.606
340	1	1000	0.001111	-10815.005
350	2	1100	0.001422	0.000246	-10815.957
360	2	1100	0.001057	0.000166	-10807.151
370	2	1100	0.001134	0.000591	-10812.849
380	2	1100	0.000977	0.000243	-10817.962
390	1	1000	0.000859	-10816.481
400	1	1000	0.001008	-10805.648
410	2	1100	0.001130	0.000032	-10809.202
420	2	1100	0.000983	0.000088	-10817.174
430	1	1000	0.001274	-10809.019
440	2	1100	0.001376	0.000308	-10807.507
450	2	1100	0.001133	0.000089	-10826.486
460	2	1100	0.001211	0.000495	-10808.607
470	2	1100	0.001343	0.000163	-10811.469
480	1	1000	0.001188	-10807.399
490	1	1000	0.001170	-10805.086
500	1	1000	0.001261	-10799.428
510	1	1000	0.001338	-10811.351
520	1	1000	0.001402	-10813.328
530	1	1000	0.001561	-10822.755
540	1	1000	0.001302	-10811.116
550	1	1000	0.001146	-10823.529
560	1	1000	0.001166	-10809.443
570	1	1000	0.001005	-10817.013
580	2	1100	0.001175	0.000459	-10810.929
590	1	1000	0.001260	-10806.856
600	2	1100	0.001207	0.000040	-10802.841
610	2	1100	0.001187	0.000655	-10810.653
620	1	1000	0.001409	-10804.361
630	1	1000	0.001108	-10815.274
640	2	1100	0.000921	0.000247	-10816.794
650	1	1000	0.001105	-10798.644
660	1	1000	0.001100	-10817.586
670	2	1100	0.000928	0.000151	-10813.819
680	1	1000	0.001270	-10808.276
690	1	1000	0.001329	-10801.496
700	1	1000	0.001287	-10811.051
710	2	1100	0.001209	0.000700	-10810.238
720	2	1100	0.000821	0.000373	-10821.081
730	1	1000	0.001207	-10823.179
740	1	1000	0.001261	-10813.030
750	2	1100	0.001191	0.000306	-10809.111
760	2	1100	0.001186	0.000208	-10814.401
770	1	1000	0.001079	-10813.861
780	2	1100	0.001078	0.000203	-10806.084
790	1	1000	0.001044	-10825.187
800	1	1000	0.000922	-10821.166
810	1	1000	0.001213	-10804.390
820	1	1000	0.001277	-10812.138
830	1	1000	0.001154	-10804.410
840	1	1000	0.001171	-10808.665
850	1	1000	0.001177	-10809.370
860	2	1100	0.001228	0.000278	-10803.876
870	2	1100	0.001135	0.000798	-10822.844
880	2	1100	0.001135	0.000639	-10808.544
890	2	1100	0.001116	0.000390	-10818.800
900	2	1100	0.001116	0.000672	-10802.754
910	2	1100	0.001041	0.000473	-10801.769
920	2	1100	0.001221	0.000213	-10813.997
930	3	1110	0.001076	0.000115	0.000001	-10810.320
940	2	1010	0.001411	0.000001	-10809.330
950	2	1010	0.001047	0.000001	-10804.145
960	2	1010	0.000964	0.000000	-10818.370
970	2	1010	0.000953	0.000001	-10818.129
980	2	1010	0.001238	0.000001	-10811.115
990	2	1010	0.001261	0.000001	-10811.895
1000	2	1010	0.001393	0.000001	-10805.485
1010	2	1010	0.001120	0.000001	-10814.461
1020	2	1010	0.001166	0.000001	-10806.174
1030	3	1110	0.001206	0.000300	0.000001	-10799.848
1040	3	1110	0.001379	0.000727	0.000001	-10800.418
1050	3	1110	0.001215	0.000378	0.000001	-10818.838
1060	2	1010	0.001667	0.000001	-10800.769
1070	2	1010	0.001832	0.000001	-10804.388
1080	2	1010	0.001908	0.000001	-10811.998
1090	2	1010	0.001818	0.000001	-10817.152
1100	3	1110	0.001868	0.000443	0.000001	-10811.495
1110	2	1100	0.002059	0.000222	-10821.003
1120	2	1100	0.001652	0.000400	-10815.986
1130	2	1100	0.001206	0.000328	-10814.848
1140	1	1000	0.001212	-10816.916
1150	2	1100	0.001256	0.000204	-10822.660
1160	1	1000	0.001383	-10800.904
1170	1	1000	0.000976	-10808.936
1180	1	1000	0.001117	-10816.518
1190	1	1000	0.001344	-10808.911
1200	1	1000	0.001213	-10805.874
1210	2	1100	0.001060	0.000202	-10808.980
1220	2	1100	0.001618	0.000201	-10805.237
1230	1	1000	0.001347	-10811.127
1240	1	1000	0.001470	-10813.563
1250	1	1000	0.001264	-10812.984
1260	2	1100	0.001446	0.000384	-10813.523
1270	1	1000	0.001284	-10807.102
1280	1	1000	0.001359	-10807.422
1290	1	1000	0.001151	-10811.104
1300	2	1100	0.001234	0.000149	-10797.749
1310	1	1000	0.001561	-10806.088
1320	2	1100	0.001426	0.000505	-10824.084
1330	2	1100	0.001441	0.000141	-10814.927
1340	2	1100	0.001679	0.000401	-10809.918
1350	2	1100	0.001438	0.000290	-10817.061
1360	2	1100	0.001538	0.000114	-10804.422
1370	1	1000	0.001205	-10812.666
1380	1	1000	0.001812	-10806.026
1390	2	1100	0.001255	0.000094	-10812.001
1400	1	1000	0.001225	-10825.244
1410	1	1000	0.001167	-10819.493
1420	1	1000	0.001656	-10800.189
1430	1	1000	0.001355	-10810.347
1440	1	1000	0.001317	-10812.314
1450	1	1000	0.001227	-10802.092
1460	2	1100	0.001146	0.000306	-10807.587
1470	1	1000	0.000880	-10812.900
1480	2	1100	0.001026	0.000269	-10802.589
1490	2	1100	0.001136	0.000811	-10813.346
1500	2	1100	0.001099	0.000528	-10806.010
1510	2	1100	0.001176	0.000329	-10813.481
1520	1	1000	0.001329	-10814.416
1530	2	1100	0.001488	0.000345	-10810.444
1540	2	1100	0.001389	0.000785	-10800.215
1550	2	1100	0.001239	0.000756	-10805.405
1560	2	1100	0.001256	0.000318	-10806.408
1570	1	1000	0.001357	-10814.232
1580	1	1000	0.001124	-10815.690
1590	2	1100	0.001567	0.000161	-10810.092
1600	1	1000	0.001372	-10805.453
1610	1	1000	0.001797	-10807.254
1620	2	1100	0.001519	0.000287	-10808.659
1630	1	1000	0.001817	-10807.850
1640	1	1000	0.001713	-10807.248
1650	1	1000	0.001450	-10804.025
1660	1	1000	0.001544	-10805.146
1670	2	1100	0.001469	0.000405	-10814.739
1680	2	1100	0.001378	0.000087	-10809.210
1690	1	1000	0.001820	-10819.018
1700	1	1000	0.001403	-10812.993
1710	1	1000	0.001306	-10813.670
1720	2	1100	0.001350	0.000461	-10805.250
1730	2	1100	0.001033	0.000008	-10813.607
1740	1	1000	0.001314	-10808.347
1750	1	1000	0.001385	-10801.445
1760	1	1000	0.001211	-10822.789
1770	1	1000	0.000987	-10816.057
1780	2	1100	0.000861	0.000175	-10811.777
1790	1	1000	0.000814	-10810.591
1800	1	1000	0.000849	-10808.084
1810	2	1100	0.000989	0.000083	-10811.224
1820	1	1000	0.000996	-10805.484
1830	1	1000	0.000885	-10806.429
1840	1	1000	0.000897	-10807.394
1850	2	1100	0.000800	0.000072	-10800.607
1860	1	1000	0.000924	-10806.338
1870	2	1100	0.000833	0.000207	-10803.125
1880	1	1000	0.000829	-10802.844
1890	1	1000	0.000701	-10811.464
1900	2	1100	0.000862	0.000010	-10822.585
1910	2	1100	0.000802	0.000292	-10797.293
1920	2	1100	0.000776	0.000360	-10817.320
1930	2	1100	0.000945	0.000326	-10798.924
1940	2	1100	0.001026	0.000084	-10798.385
1950	1	1000	0.000908	-10803.363
1960	1	1000	0.000939	-10799.847
1970	1	1000	0.000880	-10798.313
1980	1	1000	0.000860	-10799.977
1990	1	1000	0.000712	-10803.514
2000	2	1100	0.001072	0.000101	-10816.371
2010	1	1000	0.000867	-10808.387
2020	1	1000	0.000961	-10807.397
2030	2	1100	0.000990	0.000160	-10798.701
2040	2	1100	0.001240	0.000175	-10818.766
2050	2	1100	0.000899	0.000370	-10808.035
2060	2	1100	0.001132	0.000183	-10807.971
2070	1	1000	0.001113	-10814.636
2080	2	1100	0.001267	0.000395	-10812.561
2090	1	1000	0.001867	-10807.565
2100	2	1100	0.001357	0.000346	-10812.979
2110	2	1100	0.001361	0.000327	-10828.902
2120	2	1100	0.001498	0.000247	-10817.663
2130	1	1000	0.001892	-10809.084
2140	1	1000	0.001417	-10808.089
2150	1	1000	0.001435	-10813.222
2160	1	1000	0.001575	-10815.349
2170	1	1000	0.001617	-10807.866
2180	1	1000	0.001464	-10811.630
2190	2	1100	0.001192	0.000486	-10815.184
2200	1	1000	0.001446	-10801.582
2210	1	1000	0.001460	-10800.060
2220	1	1000	0.001575	-10805.866
2230	2	1100	0.001611	0.000268	-10810.028
2240	2	1100	0.001243	0.000161	-10803.896
2250	1	1000	0.001068	-10810.620
2260	1	1000	0.001549	-10794.822
2270	1	1000	0.000994	-10799.783
2280	2	1100	0.001134	0.000321	-10811.508
2290	2	1100	0.001117	0.000304	-10808.708
2300	1	1000	0.001035	-10814.406
2310	2	1100	0.000929	0.000293	-10807.046
2320	1	1000	0.001238	-10806.390
2330	1	1000	0.000835	-10819.220
2340	1	1000	0.000959	-10812.686
2350	2	1100	0.000851	0.000244	-10823.614
2360	1	1000	0.001064	-10806.674
2370	1	1000	0.000888	-10802.682
2380	1	1000	0.000944	-10801.963
2390	1	1000	0.000961	-10812.327
2400	1	1000	0.001241	-10807.996
2410	1	1000	0.000900	-10810.140
2420	1	1000	0.000898	-10804.306
2430	1	1000	0.000837	-10804.650
2440	1	1000	0.000929	-10805.947
2450	1	1000	0.000944	-10799.159
2460	1	1000	0.000952	-10803.363
2470	2	1100	0.001039	0.000130	-10799.367
2480	2	1100	0.000957	0.000226	-10817.620
2490	1	1000	0.000957	-10797.311
2500	1	1000	0.001208	-10816.988
2510	1	1000	0.000932	-10829.304
2520	2	1100	0.001329	0.000035	-10817.405
2530	2	1100	0.001151	0.000123	-10799.452
2540	2	1100	0.001110	0.000249	-10803.706
2550	1	1000	0.001084	-10799.421
2560	2	1100	0.001235	0.000306	-10817.504
2570	1	1000	0.001080	-10806.284
2580	3	1110	0.000897	0.000182	0.000035	-10807.654
2590	3	1110	0.001128	0.000179	0.000029	-10802.900
2600	2	1010	0.001232	0.000028	-10811.605
2610	4	1111	0.001501	0.000465	0.000038	0.000010	-10813.757
2620	2	1010	0.001255	0.000034	-10813.483
2630	2	1010	0.001111	0.000034	-10813.939
2640	1	1000	0.001731	-10812.765
2650	1	1000	0.001104	-10811.537
2660	1	1000	0.001345	-10818.426
2670	2	1100	0.001312	0.000266	-10820.917
2680	2	1100	0.001290	0.000286	-10820.432
2690	1	1000	0.000969	-10812.299
2700	2	1100	0.001032	0.000367	-10815.343
2710	1	1000	0.000839	-10807.350
2720	2	1100	0.001066	0.000185	-10802.728
2730	2	1100	0.000818	0.000061	-10808.630
2740	2	1100	0.001155	0.000208	-10820.947
2750	2	1100	0.001159	0.000286	-10805.203
2760	2	1100	0.000926	0.000192	-10808.198
2770	2	1100	0.001379	0.000073	-10806.650
2780	2	1100	0.001302	0.000276	-10816.588
2790	2	1100	0.001328	0.000183	-10816.808
2800	1	1000	0.001605	-10814.772
2810	1	1000	0.001229	-10815.052
2820	1	1000	0.001877	-10807.783
2830	1	1000	0.001523	-10807.334
2840	2	1100	0.001497	0.000170	-10803.304
2850	1	1000	0.001537	-10816.647
2860	1	1000	0.001408	-10810.823
2870	1	1000	0.001780	-10809.385
2880	1	1000	0.001667	-10812.113
2890	2	1100	0.001331	0.000736	-10824.221
2900	2	1100	0.001549	0.000297	-10814.013
2910	2	1100	0.001293	0.000005	-10810.246
2920	1	1000	0.000943	-10798.329
2930	2	1100	0.001098	0.000540	-10810.286
2940	2	1100	0.001171	0.000492	-10806.408
2950	2	1100	0.000944	0.000049	-10803.029
2960	1	1000	0.001369	-10812.624
2970	1	1000	0.001412	-10804.158
2980	2	1100	0.001115	0.000317	-10805.610
2990	1	1000	0.001191	-10817.373
3000	2	1100	0.001025	0.000193	-10816.120
3010	2	1100	0.001023	0.000230	-10810.214
3020	2	1100	0.001015	0.000152	-10800.883
3030	1	1000	0.000912	-10808.076
3040	1	1000	0.001022	-10804.399
3050	1	1000	0.000885	-10798.382
3060	2	1100	0.000988	0.000477	-10804.890
3070	2	1100	0.000953	0.000109	-10806.499
3080	2	1100	0.000954	0.000208	-10818.519
3090	2	1100	0.001111	0.000557	-10813.565
3100	2	1100	0.000928	0.000185	-10812.927
3110	2	1100	0.001095	0.000200	-10817.682
3120	2	1100	0.001205	0.000463	-10812.404
3130	2	1100	0.001145	0.000030	-10818.157
3140	1	1000	0.001001	-10827.797
3150	1	1000	0.000962	-10813.283
3160	1	1000	0.001097	-10807.013
3170	2	1100	0.000929	0.000097	-10820.440
3180	1	1000	0.000872	-10804.628
3190	2	1100	0.000802	0.000041	-10817.367
3200	1	1000	0.000828	-10810.428
3210	2	1100	0.000977	0.000233	-10795.077
3220	2	1100	0.000811	0.000181	-10808.235
3230	2	1100	0.000892	0.000299	-10811.565
3240	2	1100	0.000749	0.000227	-10818.037
3250	2	1100	0.000688	0.000197	-10819.400
3260	2	1100	0.001045	0.000575	-10819.476
3270	2	1100	0.000964	0.000207	-10815.902
3280	2	1100	0.000964	0.000279	-10812.591
3290	1	1000	0.001052	-10813.489
3300	2	1100	0.001120	0.000169	-10817.743
3310	2	1100	0.001125	0.000335	-10815.211
3320	2	1100	0.000865	0.000147	-10819.461
3330	1	1000	0.001203	-10823.550
3340	1	1000	0.001196	-10810.418
3350	1	1000	0.001007	-10819.186
3360	1	1000	0.000851	-10818.122
3370	1	1000	0.001086	-10812.689
3380	1	1000	0.001111	-10803.787
3390	2	1100	0.000963	0.000234	-10806.539
3400	1	1000	0.001107	-10817.094
3410	1	1000	0.001175	-10814.363
3420	1	1000	0.001115	-10802.630
3430	1	1000	0.000866	-10813.079
3440	1	1000	0.001257	-10814.770
3450	1	1000	0.001245	-10814.556
3460	2	1100	0.000957	0.000247	-10823.104
3470	2	1100	0.001285	0.000359	-10829.029
3480	2	1100	0.001031	0.000095	-10835.372
3490	2	1100	0.001309	0.000284	-10822.852
3500	2	1100	0.001257	0.000164	-10821.262
3510	2	1100	0.000960	0.000061	-10809.319
3520	2	1100	0.001090	0.000299	-10820.156
3530	1	1000	0.000679	-10818.234
3540	1	1000	0.000927	-10802.884
3550	2	1100	0.000751	0.000293	-10810.403
3560	2	1100	0.000884	0.000135	-10814.460
3570	1	1000	0.001026	-10817.080
3580	1	1000	0.000870	-10812.915
3590	2	1100	0.001228	0.000736	-10807.020
3600	2	1100	0.000865	0.000420	-10812.150
3610	1	1000	0.000910	-10809.689
3620	2	1100	0.000924	0.000055	-10812.414
3630	1	1000	0.000761	-10800.944
3640	1	1000	0.000797	-10812.471
3650	2	1100	0.001022	0.000325	-10806.681
3660	2	1100	0.001012	0.000471	-10824.654
3670	2	1100	0.001012	0.000441	-10815.685
3680	2	1100	0.000880	0.000213	-10815.913
3690	2	1100	0.000825	0.000118	-10808.955
3700	3	1110	0.000974	0.000190	0.000031	-10812.712
3710	3	1110	0.000874	0.000330	0.000021	-10813.181
3720	3	1110	0.000989	0.000490	0.000024	-10812.883
3730	1	1000	0.000929	-10807.094
3740	1	1000	0.000820	-10817.287
3750	2	1100	0.000804	0.000192	-10806.241
3760	2	1100	0.000802	0.000320	-10809.608
3770	1	1000	0.000719	-10799.689
3780	2	1100	0.000813	0.000136	-10811.294
3790	1	1000	0.001264	-10796.796
3800	2	1100	0.001180	0.000141	-10801.339
3810	1	1000	0.001075	-10804.167
3820	1	1000	0.001200	-10804.815
3830	1	1000	0.001093	-10799.390
3840	2	1100	0.001380	0.000378	-10802.935
3850	1	1000	0.001092	-10808.607
3860	2	1100	0.001167	0.000882	-10811.039
3870	2	1100	0.001100	0.000432	-10810.090
3880	2	1100	0.000851	0.000574	-10802.617
3890	2	1100	0.001034	0.000157	-10818.944
3900	2	1100	0.001296	0.000180	-10807.432
3910	1	1000	0.001406	-10820.199
3920	2	1100	0.001334	0.000095	-10824.213
3930	2	1100	0.002134	0.000232	-10817.265
3940	2	1100	0.001525	0.000088	-10810.738
3950	1	1000	0.001654	-10809.339
3960	1	1000	0.001373	-10804.507
3970	1	1000	0.001542	-10805.187
3980	1	1000	0.001681	-10816.158
3990	2	1010	0.001062	0.000013	-10809.466
4000	1	1000	0.001039	-10800.290
4010	2	1100	0.000860	0.000186	-10809.927
4020	2	1100	0.000926	0.000320	-10817.897
4030	2	1100	0.000926	0.000479	-10830.304
4040	1	1000	0.001115	-10817.401
4050	2	1100	0.000881	0.000224	-10812.334
4060	2	1100	0.000893	0.000387	-10828.469
4070	2	1100	0.000875	0.000025	-10810.722
4080	1	1000	0.001040	-10820.074
4090	1	1000	0.001160	-10819.121
4100	2	1100	0.001229	0.000705	-10810.528
4110	2	1100	0.001204	0.000399	-10812.695
4120	1	1000	0.000952	-10828.144
4130	1	1000	0.001061	-10817.565
4140	1	1000	0.000889	-10809.464
4150	1	1000	0.000859	-10819.120
4160	2	1100	0.000831	0.000297	-10809.030
4170	1	1000	0.001019	-10801.097
4180	1	1000	0.000897	-10811.575
4190	1	1000	0.001063	-10812.005
4200	2	1100	0.001181	0.000014	-10806.342
4210	1	1000	0.001022	-10798.834
4220	2	1100	0.000807	0.000358	-10796.839
4230	2	1100	0.000866	0.000433	-10808.578
4240	2	1100	0.000915	0.000318	-10810.431
4250	2	1100	0.000965	0.000020	-10802.471
4260	2	1100	0.000867	0.000359	-10821.783
4270	2	1100	0.000750	0.000074	-10813.093
4280	1	1000	0.001138	-10801.975
4290	2	1100	0.000886	0.000551	-10810.724
4300	2	1100	0.001099	0.000183	-10811.002
4310	2	1100	0.000986	0.000193	-10814.922
4320	1	1000	0.000825	-10814.984
4330	1	1000	0.000885	-10817.728
4340	1	1000	0.000951	-10804.038
4350	1	1000	0.001203	-10809.535
4360	2	1100	0.001103	0.000472	-10822.817
4370	2	1100	0.001480	0.000490	-10823.087
4380	1	1000	0.001470	-10810.524
4390	2	1100	0.001648	0.000572	-10816.973
4400	2	1100	0.001439	0.000573	-10814.247
4410	2	1100	0.001339	0.000067	-10817.523
4420	1	1000	0.001513	-10805.995
4430	2	1100	0.001456	0.000235	-10810.167
4440	2	1100	0.001325	0.000129	-10810.660
4450	2	1100	0.001258	0.000254	-10811.669
4460	2	1100	0.001521	0.000526	-10821.842
4470	2	1100	0.001503	0.000069	-10819.685
4480	1	1000	0.001505	-10819.798
4490	1	1000	0.001720	-10803.240
4500	2	1010	0.001112	0.000036	-10815.784
4510	1	1000	0.001588	-10806.338
4520	2	1100	0.001501	0.000307	-10811.693
4530	1	1000	0.001229	-10801.762
4540	1	1000	0.000966	-10810.201
4550	1	1000	0.000943	-10820.558
4560	1	1000	0.001185	-10823.497
4570	2	1100	0.001092	0.000095	-10806.136
4580	2	1100	0.001555	0.000282	-10813.249
4590	2	1100	0.001203	0.000396	-10809.749
4600	2	1100	0.001143	0.000563	-10816.977
4610	2	1100	0.001143	0.000198	-10801.054
4620	1	1000	0.000989	-10830.581
4630	2	1100	0.001644	0.000157	-10802.014
4640	1	1000	0.001392	-10807.855
4650	2	1100	0.000998	0.000411	-10822.587
4660	1	1000	0.001310	-10801.572
4670	2	1100	0.001092	0.000009	-10814.189
4680	2	1100	0.001158	0.000435	-10805.921
4690	2	1100	0.001067	0.000475	-10809.428
4700	1	1000	0.001297	-10795.602
4710	2	1100	0.001025	0.000332	-10809.922
4720	2	1100	0.001129	0.000267	-10801.152
4730	1	1000	0.001400	-10807.905
4740	1	1000	0.001352	-10810.005
4750	1	1000	0.001477	-10803.897
4760	2	1100	0.001130	0.000236	-10817.696
4770	1	1000	0.001425	-10822.326
4780	2	1100	0.001179	0.000054	-10826.366
4790	2	1100	0.001106	0.000241	-10820.059
4800	1	1000	0.001409	-10813.731
4810	2	1100	0.001173	0.000633	-10814.962
4820	2	1100	0.001034	0.000672	-10820.081
4830	2	1100	0.001255	0.000498	-10806.665
4840	2	1100	0.001192	0.000581	-10812.497
4850	2	1100	0.001074	0.000435	-10807.880
4860	2	1100	0.001074	0.000110	-10812.590
4870	2	1100	0.001060	0.000030	-10806.714
4880	1	1000	0.001117	-10808.246
4890	1	1000	0.001190	-10814.800
4900	2	1100	0.000908	0.000197	-10821.526
4910	2	1100	0.000929	0.000307	-10812.379
4920	1	1000	0.000946	-10808.750
4930	1	1000	0.001030	-10809.099
4940	1	1000	0.000975	-10809.020
4950	2	1100	0.001009	0.000437	-10810.065
4960	2	1100	0.000898	0.000424	-10811.930
4970	1	1000	0.001151	-10829.429
4980	1	1000	0.001166	-10813.202
4990	2	1100	0.001176	0.000336	-10817.189
5000	1	1000	0.001316	-10817.113
5010	2	1100	0.001669	0.000191	-10818.360
5020	2	1100	0.001522	0.000454	-10819.309
5030	2	1100	0.001371	0.000325	-10803.350
5040	2	1100	0.001573	0.000218	-10809.036
5050	2	1100	0.001391	0.000414	-10820.208
5060	2	1100	0.001422	0.000520	-10820.975
5070	2	1100	0.001574	0.000144	-10808.011
5080	2	1100	0.001312	0.000212	-10808.732
5090	2	1100	0.001912	0.000243	-10818.941
5100	1	1000	0.001478	-10824.741
5110	1	1000	0.001750	-10822.618
5120	1	1000	0.001334	-10811.757
5130	2	1100	0.001419	0.000085	-10808.262
5140	1	1000	0.001171	-10807.769
5150	1	1000	0.001222	-10812.998
5160	1	1000	0.001488	-10804.730
5170	1	1000	0.001240	-10813.404
5180	1	1000	0.001563	-10822.439
5190	1	1000	0.001426	-10809.410
5200	2	1100	0.001402	0.000143	-10819.013
5210	1	1000	0.001190	-10807.192
5220	1	1000	0.001057	-10798.800
5230	2	1100	0.001167	0.000304	-10812.525
5240	1	1000	0.001136	-10806.052
5250	1	1000	0.001368	-10814.575
5260	1	1000	0.001431	-10813.330
5270	2	1100	0.001224	0.000251	-10810.195
5280	1	1000	0.001603	-10813.930
5290	1	1000	0.001383	-10821.234
5300	1	1000	0.001454	-10803.199
5310	1	1000	0.001716	-10806.609
5320	1	1000	0.001667	-10810.319
5330	1	1000	0.001829	-10812.184
5340	1	1000	0.001506	-10811.318
5350	2	1100	0.001540	0.000196	-10817.877
5360	2	1100	0.001431	0.000405	-10814.191
5370	1	1000	0.001542	-10812.098
5380	1	1000	0.001644	-10828.529
5390	2	1100	0.001662	0.000146	-10840.839
5400	1	1000	0.001648	-10833.458
5410	1	1000	0.001517	-10814.758
5420	1	1000	0.001269	-10810.020
5430	1	1000	0.001330	-10813.574
5440	2	1100	0.001298	0.000308	-10809.253
5450	1	1000	0.001535	-10807.984
5460	1	1000	0.001320	-10812.811
5470	1	1000	0.001827	-10814.598
5480	2	1100	0.001239	0.000037	-10812.001
5490	1	1000	0.001751	-10813.491
5500	1	1000	0.001301	-10806.997
5510	1	1000	0.001352	-10817.088
5520	1	1000	0.001083	-10824.574
5530	2	1100	0.001111	0.000252	-10824.796
5540	1	1000	0.001058	-10817.904
5550	1	1000	0.001355	-10808.600
5560	1	1000	0.001393	-10804.344
5570	1	1000	0.001797	-10811.998
5580	2	1100	0.001231	0.000165	-10807.691
5590	1	1000	0.001542	-10813.834
5600	1	1000	0.001476	-10810.731
5610	2	1100	0.001297	0.000019	-10818.691
5620	1	1000	0.001314	-10813.685
5630	1	1000	0.001350	-10814.369
5640	1	1000	0.001266	-10815.141
5650	1	1000	0.001636	-10802.602
5660	2	1100	0.001647	0.000239	-10812.870
5670	2	1100	0.001197	0.000517	-10810.946
5680	2	1100	0.001000	0.000360	-10804.916
5690	2	1100	0.001330	0.000480	-10819.980
5700	1	1000	0.001197	-10804.744
5710	1	1000	0.001588	-10806.142
5720	1	1000	0.001097	-10813.752
5730	2	1100	0.001279	0.000233	-10815.409
5740	1	1000	0.001158	-10812.534
5750	1	1000	0.001193	-10811.950
5760	1	1000	0.001159	-10815.553
5770	2	1100	0.001119	0.000314	-10800.174
5780	2	1100	0.000887	0.000345	-10800.961
5790	2	1100	0.001058	0.000178	-10812.602
5800	2	1100	0.001039	0.000592	-10800.089
5810	2	1100	0.000877	0.000450	-10814.519
5820	2	1100	0.000837	0.000275	-10806.626
5830	2	1100	0.000847	0.000407	-10799.928
5840	2	1100	0.000722	0.000160	-10797.721
5850	2	1100	0.001157	0.000451	-10808.000
5860	1	1000	0.001039	-10816.878
5870	1	1000	0.001044	-10798.536
5880	1	1000	0.000881	-10812.209
5890	1	1000	0.001410	-10814.326
5900	1	1000	0.001277	-10824.095
5910	1	1000	0.001298	-10816.030
5920	1	1000	0.001106	-10812.115
5930	2	1100	0.000928	0.000341	-10809.460
5940	2	1100	0.000998	0.000099	-10805.551
5950	2	1100	0.000942	0.000353	-10824.477
5960	2	1100	0.001016	0.000494	-10814.820
5970	2	1100	0.001123	0.000296	-10816.007
5980	2	1100	0.001154	0.000322	-10816.335
5990	2	1100	0.000817	0.000432	-10799.642
6000	2	1100	0.000972	0.000138	-10801.209
6010	2	1100	0.001062	0.000091	-10807.431
6020	1	1000	0.001427	-10804.782
6030	2	1100	0.001362	0.000228	-10803.484
6040	2	1100	0.001155	0.000416	-10810.507
6050	2	1100	0.001094	0.000254	-10821.478
6060	2	1100	0.000943	0.000214	-10812.139
6070	1	1000	0.001292	-10813.143
6080	2	1100	0.001249	0.000178	-10810.776
6090	1	1000	0.001260	-10806.104
6100	1	1000	0.001183	-10805.353
6110	2	1100	0.001391	0.000168	-10802.867
6120	1	1000	0.001271	-10804.231
6130	2	1100	0.001332	0.000399	-10815.350
6140	1	1000	0.001494	-10807.901
6150	1	1000	0.001051	-10803.233
6160	1	1000	0.000796	-10823.466
6170	1	1000	0.000932	-10811.633
6180	2	1100	0.000908	0.000637	-10806.548
6190	2	1100	0.000860	0.000601	-10814.722
6200	2	1100	0.001078	0.000260	-10825.985
6210	1	1000	0.001197	-10820.259
6220	1	1000	0.000890	-10823.424
6230	2	1100	0.001352	0.000534	-10814.612
6240	1	1000	0.001101	-10818.252
6250	1	1000	0.001363	-10804.393
6260	1	1000	0.001249	-10807.759
6270	2	1100	0.001237	0.000408	-10809.736
6280	2	1100	0.001009	0.000313	-10804.370
6290	2	1100	0.001266	0.000306	-10810.599
6300	2	1100	0.000941	0.000273	-10820.051
6310	2	1100	0.001285	0.000378	-10811.968
6320	2	1100	0.001522	0.000126	-10809.265
6330	1	1000	0.001536	-10803.681
6340	1	1000	0.001186	-10811.543
6350	1	1000	0.001229	-10816.573
6360	1	1000	0.001606	-10820.448
6370	2	1100	0.001488	0.000011	-10808.553
6380	2	1100	0.001533	0.000511	-10816.748
6390	1	1000	0.001562	-10824.193
6400	2	1100	0.001170	0.000268	-10807.270
6410	2	1100	0.000992	0.000312	-10806.836
6420	2	1100	0.000874	0.000312	-10808.450
6430	2	1100	0.000774	0.000192	-10796.297
6440	2	1100	0.000794	0.000357	-10814.513
6450	2	1100	0.000730	0.000444	-10812.668
6460	1	1000	0.000921	-10803.718
6470	2	1100	0.001083	0.000249	-10807.419
6480	2	1100	0.001312	0.000077	-10803.627
6490	1	1000	0.001076	-10804.212
6500	1	1000	0.001106	-10810.046
6510	1	1000	0.000992	-10813.378
6520	2	1100	0.001145	0.000041	-10810.269
6530	1	1000	0.000953	-10832.703
6540	1	1000	0.001109	-10809.336
6550	2	1100	0.000670	0.000249	-10815.660
6560	1	1000	0.000793	-10800.158
6570	2	1100	0.000680	0.000233	-10809.093
6580	2	1100	0.000740	0.000560	-10805.669
6590	1	1000	0.000889	-10802.102
6600	2	1100	0.000885	0.000097	-10810.607
6610	1	1000	0.000961	-10807.286
6620	2	1100	0.001065	0.000358	-10805.646
6630	2	1100	0.001020	0.000590	-10806.415
6640	2	1100	0.001182	0.000235	-10805.230
6650	1	1000	0.001162	-10808.194
6660	1	1000	0.001154	-10807.776
6670	2	1100	0.001093	0.000188	-10811.400
6680	1	1000	0.001350	-10803.459
6690	1	1000	0.001006	-10809.054
6700	1	1000	0.001240	-10806.342
6710	2	1100	0.000884	0.000083	-10806.617
6720	1	1000	0.001274	-10797.268
6730	1	1000	0.001080	-10813.403
6740	1	1000	0.001317	-10814.807
6750	2	1100	0.001059	0.000040	-10815.582
6760	1	1000	0.000901	-10825.025
6770	1	1000	0.001272	-10815.260
6780	1	1000	0.001164	-10804.950
6790	2	1100	0.001243	0.000105	-10806.110
6800	2	1100	0.001377	0.000168	-10802.989
6810	2	1100	0.000931	0.000155	-10799.211
6820	2	1100	0.001102	0.000372	-10812.457
6830	2	1100	0.000936	0.000510	-10819.283
6840	2	1100	0.001116	0.000389	-10813.742
6850	2	1100	0.000914	0.000103	-10801.376
6860	1	1000	0.001057	-10810.459
6870	2	1010	0.001179	0.000032	-10795.431
6880	1	1000	0.001286	-10803.966
6890	2	1100	0.001042	0.000375	-10803.319
6900	2	1010	0.001512	0.000036	-10817.859
6910	1	1000	0.001235	-10814.773
6920	2	1010	0.001201	0.000070	-10803.674
6930	2	1010	0.001256	0.000049	-10813.049
6940	1	1000	0.001568	-10817.435
6950	2	1100	0.001234	0.000388	-10811.767
6960	2	1100	0.001168	0.000372	-10806.872
6970	3	1110	0.001078	0.000059	0.000039	-10799.996
6980	3	1110	0.001184	0.000161	0.000031	-10801.072
6990	1	1000	0.000988	-10814.914
7000	1	1000	0.001336	-10811.980
7010	1	1000	0.001118	-10791.458
7020	2	1100	0.000904	0.000303	-10802.394
7030	2	1100	0.000885	0.000219	-10807.271
7040	2	1100	0.000912	0.000218	-10803.626
7050	1	1000	0.001035	-10800.921
7060	2	1100	0.001218	0.000235	-10808.303
7070	2	1100	0.000776	0.000149	-10811.579
7080	1	1000	0.001132	-10797.811
7090	2	1100	0.001078	0.000177	-10799.475
7100	2	1100	0.001078	0.000279	-10806.397
7110	2	1100	0.001359	0.000440	-10798.104
7120	2	1100	0.000989	0.000086	-10819.057
7130	2	1100	0.001291	0.000194	-10811.557
7140	1	1000	0.001437	-10802.923
7150	2	1100	0.000933	0.000464	-10815.268
7160	2	1100	0.000924	0.000474	-10828.037
7170	2	1100	0.000959	0.000043	-10807.499
7180	1	1000	0.001222	-10802.232
7190	1	1000	0.000990	-10814.977
7200	1	1000	0.000886	-10802.964
7210	2	1100	0.000741	0.000022	-10810.412
7220	1	1000	0.000959	-10805.881
7230	1	1000	0.001027	-10801.891
7240	1	1000	0.001086	-10805.633
7250	2	1100	0.000779	0.000190	-10814.195
7260	1	1000	0.001275	-10809.464
7270	1	1000	0.001104	-10799.033
7280	2	1100	0.001024	0.000145	-10797.158
7290	1	1000	0.000888	-10797.571
7300	1	1000	0.000775	-10809.631
7310	1	1000	0.000681	-10798.369
7320	2	1100	0.000663	0.000036	-10805.030
7330	2	1100	0.000737	0.000301	-10806.084
7340	1	1000	0.000916	-10798.626
7350	1	1000	0.000770	-10807.429
7360	2	1100	0.000687	0.000149	-10795.946
7370	1	1000	0.000881	-10810.189
7380	2	1100	0.000783	0.000025	-10803.474
7390	1	1000	0.000724	-10808.320
7400	2	1100	0.000685	0.000373	-10811.623
7410	1	1000	0.000589	-10811.926
7420	2	1010	0.000571	0.000034	-10799.076
7430	2	1010	0.000482	0.000097	-10800.866
7440	3	1110	0.000410	0.000188	0.000066	-10801.637
7450	3	1011	0.000506	0.000082	0.000078	-10808.285
7460	3	1110	0.000383	0.000106	0.000062	-10800.888
7470	3	1110	0.000443	0.000293	0.000071	-10809.357
7480	3	1110	0.000457	0.000041	0.000074	-10805.804
7490	2	1100	0.000375	0.000111	-10784.218
7500	2	1100	0.000461	0.000244	-10808.556
7510	1	1000	0.000466	-10802.984
7520	2	1100	0.000546	0.000056	-10798.253
7530	2	1100	0.000466	0.000164	-10800.234
7540	1	1000	0.000623	-10811.389
7550	2	1010	0.000526	0.000015	-10811.125
7560	3	1110	0.000505	0.000071	0.000024	-10798.100
7570	2	1010	0.000557	0.000020	-10793.714
7580	2	1100	0.000509	0.000010	-10799.261
7590	2	1100	0.000562	0.000265	-10801.082
7600	1	1000	0.000495	-10794.604
7610	2	1100	0.000546	0.000153	-10805.159
7620	2	1100	0.000563	0.000182	-10805.813
7630	1	1000	0.000611	-10800.333
7640	2	1100	0.000555	0.000030	-10792.225
7650	1	1000	0.000679	-10811.354
7660	1	1000	0.000645	-10800.516
7670	2	1100	0.000563	0.000271	-10814.692
7680	2	1100	0.000633	0.000265	-10809.245
7690	2	1100	0.000633	0.000280	-10808.741
7700	2	1100	0.000649	0.000423	-10813.178
7710	2	1100	0.000842	0.000317	-10816.886
7720	1	1000	0.000793	-10812.302
7730	1	1000	0.000872	-10809.343
7740	2	1100	0.000731	0.000185	-10806.750
7750	2	1100	0.000613	0.000046	-10809.145
7760	2	1100	0.000743	0.000514	-10797.718
7770	2	1100	0.000932	0.000331	-10805.701
7780	2	1100	0.000947	0.000605	-10806.512
7790	2	1100	0.000951	0.000255	-10800.301
7800	2	1100	0.000848	0.000434	-10804.435
7810	1	1000	0.000956	-10807.820
7820	2	1100	0.001060	0.000416	-10802.180
7830	1	1000	0.000935	-10805.148
7840	2	1100	0.000930	0.000410	-10810.209
7850	1	1000	0.000974	-10808.407
7860	2	1100	0.000927	0.000641	-10811.791
7870	2	1100	0.000856	0.000422	-10802.927
7880	2	1100	0.000569	0.000046	-10800.890
7890	2	1100	0.000898	0.000564	-10804.562
7900	2	1100	0.000812	0.000448	-10801.929
7910	2	1100	0.000779	0.000416	-10800.893
7920	2	1100	0.000947	0.000094	-10806.036
7930	1	1000	0.000989	-10809.586
7940	1	1000	0.001175	-10808.867
7950	1	1000	0.001194	-10802.091
7960	2	1100	0.001016	0.000212	-10807.918
7970	2	1100	0.000917	0.000493	-10803.872
7980	2	1100	0.000963	0.000801	-10812.544
7990	2	1100	0.001233	0.000772	-10796.742
8000	2	1100	0.000997	0.000311	-10810.324
8010	2	1100	0.001030	0.000073	-10821.132
8020	2	1100	0.001360	0.000041	-10808.391
8030	1	1000	0.001376	-10812.151
8040	2	1100	0.001096	0.000253	-10794.342
8050	1	1000	0.001249	-10807.121
8060	1	1000	0.001346	-10805.511
8070	1	1000	0.000922	-10806.301
8080	1	1000	0.001248	-10805.661
8090	1	1000	0.001222	-10797.102
8100	1	1000	0.001188	-10799.737
8110	1	1000	0.001209	-10814.801
8120	1	1000	0.001329	-10802.485
8130	2	1100	0.000880	0.000213	-10803.702
8140	2	1100	0.001070	0.000165	-10808.673
8150	2	1100	0.001161	0.000212	-10798.573
8160	1	1000	0.000912	-10801.297
8170	1	1000	0.000953	-10808.463
8180	2	1100	0.000885	0.000092	-10801.734
8190	1	1000	0.001080	-10799.277
8200	2	1100	0.000985	0.000036	-10793.820
8210	2	1100	0.000894	0.000261	-10801.530
8220	2	1100	0.000788	0.000320	-10813.349
8230	2	1100	0.000889	0.000451	-10802.900
8240	2	1100	0.000933	0.000269	-10794.977
8250	2	1100	0.000757	0.000123	-10815.778
8260	1	1000	0.000731	-10792.998
8270	2	1100	0.000674	0.000027	-10802.778
8280	2	1100	0.000674	0.000174	-10813.748
8290	2	1100	0.000580	0.000237	-10800.306
8300	2	1100	0.000678	0.000569	-10806.232
8310	2	1100	0.000634	0.000142	-10806.407
8320	2	1100	0.000551	0.000245	-10793.110
8330	2	1100	0.000528	0.000317	-10802.742
8340	1	1000	0.000723	-10808.869
8350	1	1000	0.000534	-10807.931
8360	2	1100	0.000548	0.000125	-10792.955
8370	2	1100	0.000506	0.000223	-10804.898
8380	2	1100	0.000506	0.000157	-10817.587
8390	2	1100	0.000511	0.000193	-10804.748
8400	1	1000	0.000731	-10803.729
8410	2	1100	0.000604	0.000214	-10798.566
8420	1	1000	0.000740	-10806.082
8430	3	1110	0.000760	0.000342	0.000044	-10808.295
8440	3	1110	0.000736	0.000172	0.000044	-10803.138
8450	3	1110	0.000543	0.000213	0.000024	-10800.830
8460	3	1110	0.000802	0.000104	0.000036	-10802.030
8470	1	1000	0.000666	-10812.025
8480	1	1000	0.000693	-10807.342
8490	2	1100	0.000535	0.000188	-10812.185
8500	1	1000	0.000869	-10806.753
8510	2	1100	0.000686	0.000116	-10802.763
8520	1	1000	0.000903	-10806.091
8530	1	1000	0.000768	-10799.863
8540	2	1100	0.000697	0.000289	-10806.811
8550	2	1100	0.000689	0.000060	-10796.994
8560	2	1100	0.000763	0.000094	-10805.542
8570	2	1100	0.000600	0.000331	-10808.983
8580	2	1100	0.000733	0.000439	-10800.504
8590	2	1100	0.000806	0.000280	-10800.832
8600	2	1100	0.000871	0.000062	-10815.229
8610	1	1000	0.001153	-10805.277
8620	2	1100	0.001150	0.000044	-10801.131
8630	1	1000	0.001387	-10809.995
8640	1	1000	0.001962	-10802.209
8650	1	1000	0.001456	-10799.751
8660	2	1100	0.001196	0.000511	-10811.914
8670	2	1010	0.001137	0.000058	-10810.120
8680	4	1111	0.001252	0.000647	0.000067	0.000053	-10803.921
8690	4	1111	0.001230	0.000092	0.000078	0.000077	-10816.211
8700	3	1110	0.001586	0.000002	0.000065	-10816.146
8710	3	1110	0.001325	0.000090	0.000063	-10807.401
8720	3	1011	0.001474	0.000063	0.000022	-10815.779
8730	2	1010	0.001346	0.000096	-10804.246
8740	3	1110	0.001461	0.000393	0.000101	-10811.326
8750	3	1110	0.001382	0.000101	0.000143	-10811.889
8760	2	1100	0.001505	0.000165	-10814.403
8770	1	1000	0.001752	-10821.277
8780	2	1100	0.001325	0.000496	-10821.883
8790	2	1100	0.001481	0.000250	-10821.976
8800	1	1000	0.001215	-10822.806
8810	1	1000	0.001386	-10820.150
8820	2	1100	0.001336	0.000281	-10816.927
8830	2	1100	0.001255	0.000375	-10809.023
8840	2	1100	0.001254	0.000126	-10805.793
8850	2	1100	0.001380	0.000237	-10801.935
8860	1	1000	0.001337	-10807.179
8870	2	1100	0.001100	0.000253	-10810.058
8880	2	1100	0.001066	0.000430	-10805.801
8890	2	1100	0.000996	0.000229	-10801.145
8900	2	1100	0.000813	0.000064	-10822.407
8910	1	1000	0.000802	-10804.256
8920	1	1000	0.000711	-10810.653
8930	1	1000	0.000656	-10814.414
8940	1	1000	0.000653	-10816.230
8950	1	1000	0.000635	-10800.289
8960	1	1000	0.000710	-10810.217
8970	2	1100	0.000585	0.000411	-10820.285
8980	2	1100	0.000716	0.000153	-10807.628
8990	1	1000	0.000791	-10803.418
9000	1	1000	0.000737	-10801.878
9010	1	1000	0.000636	-10800.749
9020	1	1000	0.000716	-10803.139
9030	2	1100	0.000674	0.000161	-10797.242
9040	1	1000	0.000747	-10805.018
9050	1	1000	0.000572	-10806.090
9060	1	1000	0.000571	-10794.297
9070	1	1000	0.000786	-10798.759
9080	1	1000	0.000623	-10811.780
9090	1	1000	0.000786	-10793.487
9100	2	1100	0.000773	0.000363	-10797.696
9110	2	1100	0.001015	0.000197	-10805.999
9120	2	1100	0.000989	0.000308	-10808.575
9130	1	1000	0.000869	-10804.335
9140	2	1100	0.000870	0.000152	-10797.285
9150	1	1000	0.000757	-10803.252
9160	1	1000	0.000771	-10801.905
9170	2	1100	0.000840	0.000391	-10813.237
9180	1	1000	0.000943	-10801.631
9190	1	1000	0.000798	-10804.090
9200	1	1000	0.000571	-10809.934
9210	1	1000	0.001014	-10798.942
9220	2	1100	0.000938	0.000477	-10799.089
9230	1	1000	0.000875	-10809.014
9240	2	1100	0.000649	0.000212	-10798.247
9250	1	1000	0.000646	-10802.153
9260	1	1000	0.000607	-10813.805
9270	2	1100	0.000918	0.000314	-10803.739
9280	1	1000	0.000733	-10807.521
9290	2	1100	0.000779	0.000109	-10804.428
9300	1	1000	0.000862	-10806.687
9310	1	1000	0.000954	-10814.664
9320	2	1100	0.001058	0.000290	-10798.293
9330	2	1100	0.001089	0.000199	-10804.449
9340	2	1100	0.001089	0.000288	-10796.262
9350	1	1000	0.001221	-10802.833
9360	2	1100	0.001159	0.000220	-10814.007
9370	2	1100	0.001267	0.000064	-10806.184
9380	1	1000	0.001435	-10809.740
9390	2	1100	0.001303	0.000121	-10814.818
9400	1	1000	0.001263	-10804.591
9410	1	1000	0.001302	-10809.965
9420	1	1000	0.001447	-10808.316
9430	1	1000	0.001397	-10796.066
9440	1	1000	0.001158	-10812.609
9450	2	1100	0.001050	0.000510	-10810.444
9460	1	1000	0.001294	-10801.102
9470	1	1000	0.001337	-10806.041
9480	1	1000	0.001092	-10801.183
9490	1	1000	0.000992	-10812.132
9500	2	1100	0.001114	0.000318	-10816.940
9510	2	1100	0.000900	0.000040	-10818.921
9520	3	1110	0.001253	0.000481	0.000040	-10802.609
9530	3	1110	0.001171	0.000281	0.000020	-10817.670
9540	3	1110	0.000921	0.000393	0.000018	-10800.893
9550	3	1110	0.001093	0.000298	0.000016	-10803.196
9560	3	1110	0.001424	0.000465	0.000026	-10817.094
9570	3	1110	0.000978	0.000231	0.000110	-10810.649
9580	3	1011	0.001134	0.000118	0.000075	-10817.538
9590	2	1010	0.001471	0.000084	-10805.126
9600	3	1011	0.001435	0.000269	0.000104	-10825.679
9610	4	1111	0.001439	0.000245	0.000269	0.000012	-10808.734
9620	4	1111	0.001092	0.000451	0.000255	0.000174	-10816.566
9630	3	1011	0.000896	0.000291	0.000288	-10827.110
9640	2	1010	0.001346	0.000275	-10807.452
9650	2	1010	0.001193	0.000172	-10806.329
9660	2	1010	0.001193	0.000172	-10808.216
9670	3	1110	0.001297	0.000196	0.000074	-10807.674
9680	4	1111	0.001096	0.000539	0.000133	0.000102	-10814.199
9690	2	1010	0.001282	0.000039	-10805.425
9700	2	1010	0.001162	0.000050	-10814.193
9710	2	1010	0.001176	0.000086	-10819.441
9720	2	1010	0.000948	0.000070	-10808.415
9730	3	1110	0.001003	0.000163	0.000047	-10806.786
9740	2	1100	0.001190	0.000423	-10809.219
9750	2	1100	0.001320	0.000752	-10809.475
9760	2	1100	0.001102	0.000388	-10824.023
9770	2	1100	0.001443	0.000287	-10816.441
9780	2	1100	0.001001	0.000280	-10830.224
9790	2	1100	0.001165	0.000083	-10805.933
9800	2	1100	0.001024	0.000190	-10817.702
9810	2	1100	0.000939	0.000202	-10817.023
9820	2	1100	0.001168	0.000595	-10822.353
9830	2	1100	0.001200	0.000614	-10811.236
9840	2	1100	0.001154	0.000328	-10812.744
9850	2	1100	0.001033	0.000599	-10809.618
9860	2	1100	0.001390	0.000228	-10800.900
9870	1	1000	0.001391	-10808.811
9880	1	1000	0.001364	-10804.826
9890	2	1100	0.001516	0.000227	-10812.760
9900	2	1100	0.001307	0.000425	-10813.712
9910	2	1100	0.001554	0.000552	-10827.668
9920	2	1100	0.001831	0.000592	-10826.140
9930	2	1100	0.001728	0.000187	-10824.506
9940	1	1000	0.001266	-10815.142
9950	1	1000	0.001383	-10801.489
9960	2	1100	0.001316	0.000472	-10810.020
9970	2	1010	0.001692	0.000032	-10806.920
9980	1	1000	0.001102	-10827.328
9990	2	1100	0.001196	0.000319	-10815.084
10000	2	1100	0.001629	0.000267	-10801.846
