Gen	np	tree	tau_6L_pseudoerasa_CA_Kaiser_PassL_pseudoerasa_CA_Lily_LakeL_pseudoerasa_CA_Trinity_AlpsL_pseudoerasa_CA_Strawberry_CreekL_pseudoerasa_CA_Sherman_Pass	tau_7L_pseudoerasa_CA_Lily_LakeL_pseudoerasa_CA_Trinity_AlpsL_pseudoerasa_CA_Strawberry_CreekL_pseudoerasa_CA_Sherman_Pass	lnL
10	2	1100	0.000884	0.000077	-11136.244
20	3	1110	0.001144	0.000156	0.000122	-11138.346
30	2	1100	0.000899	0.000163	-11137.876
40	2	1100	0.000959	0.000130	-11139.429
50	2	1100	0.001019	0.000032	-11138.860
60	3	1101	0.001043	0.000173	0.000007	-11133.378
70	3	1101	0.000776	0.000078	0.000045	-11123.354
80	2	1100	0.000599	0.000013	-11147.195
90	2	1100	0.000518	0.000011	-11133.769
100	2	1100	0.000526	0.000001	-11130.577
110	2	1100	0.000569	0.000001	-11131.335
120	2	1100	0.000563	0.000001	-11127.470
130	2	1100	0.000567	0.000002	-11122.364
140	2	1100	0.000606	0.000002	-11129.322
150	2	1100	0.000674	0.000003	-11127.553
160	1	1000	0.000580	-11121.409
170	1	1000	0.000590	-11125.249
180	1	1000	0.000566	-11132.679
190	1	1000	0.000607	-11131.383
200	2	1100	0.000661	0.000100	-11121.976
210	3	1110	0.000695	0.000145	0.000109	-11133.528
220	4	1111	0.000829	0.000173	0.000130	0.000006	-11136.170
230	4	1111	0.000792	0.000185	0.000110	0.000005	-11124.922
240	2	1100	0.000974	0.000119	-11134.896
250	3	1110	0.000586	0.000243	0.000151	-11134.609
260	3	1110	0.000596	0.000226	0.000112	-11127.727
270	3	1110	0.000610	0.000071	0.000065	-11135.100
280	3	1110	0.000661	0.000100	0.000076	-11121.210
290	3	1110	0.000701	0.000105	0.000024	-11134.463
300	3	1110	0.000718	0.000114	0.000080	-11124.882
310	3	1110	0.000639	0.000126	0.000075	-11140.259
320	3	1110	0.000613	0.000101	0.000075	-11142.993
330	1	1000	0.000796	-11137.613
340	1	1000	0.000593	-11133.484
350	1	1000	0.000626	-11129.373
360	1	1000	0.000393	-11130.405
370	1	1000	0.000518	-11136.196
380	1	1000	0.000647	-11134.478
390	1	1000	0.000540	-11128.570
400	1	1000	0.000570	-11128.280
410	1	1000	0.000550	-11128.328
420	1	1000	0.000514	-11134.460
430	1	1000	0.000590	-11141.160
440	1	1000	0.000693	-11135.394
450	1	1000	0.000446	-11138.385
460	2	1100	0.000576	0.000114	-11138.375
470	2	1100	0.000504	0.000164	-11138.790
480	3	1110	0.000491	0.000133	0.000090	-11133.497
490	3	1110	0.000449	0.000120	0.000022	-11121.688
500	2	1100	0.000506	0.000118	-11133.074
510	2	1100	0.000500	0.000044	-11122.816
520	3	1110	0.000376	0.000093	0.000060	-11130.982
530	3	1110	0.000466	0.000150	0.000141	-11127.650
540	2	1100	0.000565	0.000072	-11122.702
550	3	1101	0.000536	0.000074	0.000018	-11131.802
560	2	1100	0.000581	0.000070	-11123.463
570	3	1101	0.000590	0.000092	0.000020	-11130.215
580	2	1100	0.000548	0.000210	-11136.841
590	3	1110	0.000521	0.000195	0.000151	-11133.589
600	3	1110	0.000357	0.000134	0.000122	-11122.487
610	4	1111	0.000419	0.000203	0.000112	0.000116	-11131.446
620	4	1111	0.000392	0.000195	0.000162	0.000008	-11134.122
630	3	1110	0.000444	0.000221	0.000095	-11137.677
640	2	1100	0.000484	0.000210	-11131.688
650	3	1110	0.000585	0.000558	0.000271	-11132.424
660	4	1111	0.000413	0.000385	0.000212	0.000025	-11126.931
670	2	1100	0.000338	0.000327	-11130.443
680	3	1110	0.000412	0.000202	0.000132	-11131.400
690	3	1110	0.000371	0.000139	0.000131	-11114.625
700	3	1110	0.000432	0.000162	0.000152	-11126.743
710	3	1110	0.000422	0.000138	0.000119	-11132.027
720	3	1110	0.000560	0.000183	0.000022	-11130.132
730	2	1100	0.000501	0.000261	-11130.878
740	3	1101	0.000448	0.000134	0.000030	-11131.046
750	2	1100	0.000402	0.000086	-11119.921
760	2	1100	0.000358	0.000181	-11135.043
770	3	1110	0.000272	0.000137	0.000088	-11127.412
780	3	1110	0.000227	0.000075	0.000058	-11126.482
790	2	1100	0.000183	0.000043	-11126.269
800	3	1110	0.000248	0.000090	0.000088	-11121.999
810	3	1110	0.000281	0.000102	0.000052	-11126.944
820	4	1111	0.000281	0.000170	0.000138	0.000013	-11130.110
830	3	1110	0.000304	0.000230	0.000074	-11123.828
840	4	1111	0.000278	0.000201	0.000033	0.000059	-11130.394
850	3	1110	0.000278	0.000125	0.000107	-11125.568
860	3	1110	0.000351	0.000158	0.000128	-11123.132
870	3	1110	0.000435	0.000239	0.000084	-11124.342
880	3	1110	0.000519	0.000380	0.000349	-11131.809
890	3	1110	0.000512	0.000477	0.000345	-11138.422
900	3	1110	0.000307	0.000222	0.000207	-11128.477
910	3	1110	0.000311	0.000250	0.000075	-11128.780
920	3	1101	0.000383	0.000321	0.000010	-11129.409
930	2	1100	0.000356	0.000335	-11128.553
940	3	1110	0.000428	0.000338	0.000272	-11124.866
950	3	1110	0.000351	0.000309	0.000289	-11127.974
960	4	1111	0.000371	0.000357	0.000190	0.000020	-11124.441
970	3	1110	0.000457	0.000389	0.000350	-11146.139
980	3	1110	0.000389	0.000359	0.000313	-11127.628
990	4	1111	0.000389	0.000313	0.000231	0.000020	-11119.088
1000	4	1111	0.000321	0.000300	0.000167	0.000098	-11139.155
1010	3	1110	0.000214	0.000203	0.000129	-11130.603
1020	3	1110	0.000246	0.000243	0.000205	-11130.947
1030	4	1111	0.000330	0.000324	0.000228	0.000003	-11127.469
1040	3	1110	0.000287	0.000286	0.000203	-11128.112
1050	2	1100	0.000373	0.000372	-11115.606
1060	4	1111	0.000311	0.000310	0.000227	0.000073	-11139.632
1070	4	1111	0.000421	0.000370	0.000343	0.000155	-11135.852
1080	3	1110	0.000457	0.000219	0.000159	-11137.154
1090	3	1110	0.000687	0.000403	0.000394	-11133.183
1100	2	1100	0.000602	0.000188	-11119.132
1110	3	1110	0.000543	0.000100	0.000079	-11140.918
1120	3	1110	0.000571	0.000192	0.000093	-11137.240
1130	3	1110	0.000573	0.000165	0.000074	-11127.826
1140	2	1100	0.000513	0.000171	-11133.607
1150	2	1100	0.000636	0.000243	-11129.191
1160	3	1110	0.000685	0.000217	0.000092	-11126.841
1170	2	1100	0.000796	0.000082	-11128.609
1180	2	1100	0.000787	0.000095	-11133.752
1190	3	1110	0.000914	0.000119	0.000049	-11124.932
1200	3	1101	0.000980	0.000090	0.000054	-11127.069
1210	4	1111	0.000717	0.000152	0.000088	0.000049	-11137.607
1220	4	1111	0.000802	0.000257	0.000043	0.000176	-11141.134
1230	4	1111	0.000678	0.000189	0.000023	0.000138	-11136.323
1240	3	1101	0.000977	0.000130	0.000067	-11120.315
1250	3	1101	0.001034	0.000167	0.000050	-11143.989
1260	3	1101	0.000844	0.000122	0.000068	-11128.696
1270	3	1101	0.000622	0.000125	0.000110	-11140.877
1280	3	1101	0.000596	0.000092	0.000068	-11115.609
1290	3	1101	0.000488	0.000076	0.000053	-11134.218
1300	3	1101	0.000470	0.000049	0.000048	-11135.719
1310	3	1101	0.000573	0.000050	0.000050	-11130.786
1320	3	1101	0.000526	0.000052	0.000052	-11133.784
1330	4	1111	0.000643	0.000192	0.000026	0.000188	-11138.186
1340	4	1111	0.000626	0.000169	0.000123	0.000166	-11130.999
1350	4	1111	0.000658	0.000171	0.000102	0.000168	-11124.167
1360	3	1101	0.000615	0.000219	0.000216	-11128.053
1370	4	1111	0.000708	0.000242	0.000126	0.000238	-11134.989
1380	3	1101	0.000732	0.000167	0.000107	-11131.229
1390	3	1101	0.000657	0.000166	0.000138	-11135.199
1400	3	1101	0.000790	0.000109	0.000069	-11136.512
1410	3	1101	0.000603	0.000123	0.000034	-11125.823
1420	3	1101	0.000622	0.000207	0.000099	-11131.832
1430	3	1101	0.000561	0.000199	0.000025	-11132.159
1440	3	1101	0.000767	0.000232	0.000060	-11143.739
1450	3	1101	0.000677	0.000173	0.000102	-11139.038
1460	3	1101	0.000775	0.000099	0.000045	-11137.430
1470	3	1101	0.000909	0.000198	0.000097	-11143.104
1480	3	1101	0.001095	0.000140	0.000092	-11140.893
1490	3	1101	0.000836	0.000108	0.000037	-11136.524
1500	2	1100	0.001167	0.000092	-11123.086
1510	2	1100	0.001284	0.000131	-11129.265
1520	3	1110	0.000944	0.000133	0.000030	-11128.936
1530	2	1100	0.000979	0.000221	-11137.613
1540	3	1101	0.000947	0.000273	0.000039	-11131.289
1550	2	1100	0.000766	0.000248	-11144.362
1560	3	1110	0.000869	0.000174	0.000039	-11128.209
1570	2	1100	0.000602	0.000071	-11133.379
1580	2	1100	0.000721	0.000083	-11117.212
1590	3	1110	0.000607	0.000067	0.000035	-11133.044
1600	3	1110	0.000767	0.000113	0.000022	-11125.772
1610	2	1100	0.000379	0.000104	-11134.306
1620	2	1100	0.000436	0.000232	-11129.015
1630	3	1110	0.000380	0.000252	0.000037	-11125.354
1640	3	1110	0.000327	0.000271	0.000133	-11131.419
1650	3	1110	0.000338	0.000223	0.000119	-11136.676
1660	2	1100	0.000342	0.000245	-11137.269
1670	4	1111	0.000395	0.000372	0.000191	0.000034	-11133.647
1680	4	1111	0.000250	0.000156	0.000116	0.000092	-11128.874
1690	4	1111	0.000195	0.000173	0.000053	0.000068	-11118.027
1700	3	1101	0.000234	0.000138	0.000088	-11128.513
1710	4	1111	0.000236	0.000087	0.000042	0.000038	-11123.106
1720	3	1101	0.000288	0.000047	0.000006	-11116.850
1730	3	1110	0.000346	0.000057	0.000049	-11121.872
1740	3	1110	0.000290	0.000072	0.000013	-11130.450
1750	2	1100	0.000313	0.000187	-11137.681
1760	3	1110	0.000224	0.000095	0.000084	-11125.559
1770	3	1110	0.000256	0.000102	0.000079	-11121.161
1780	3	1110	0.000209	0.000084	0.000071	-11113.768
1790	3	1110	0.000257	0.000110	0.000085	-11125.353
1800	4	1111	0.000201	0.000086	0.000084	0.000022	-11118.740
1810	4	1111	0.000191	0.000089	0.000060	0.000074	-11118.976
1820	4	1111	0.000207	0.000121	0.000068	0.000041	-11110.502
1830	2	1100	0.000229	0.000114	-11113.952
1840	2	1100	0.000160	0.000106	-11133.001
1850	3	1110	0.000211	0.000169	0.000035	-11123.387
1860	3	1110	0.000200	0.000109	0.000066	-11109.164
1870	3	1110	0.000266	0.000113	0.000093	-11121.139
1880	3	1110	0.000261	0.000076	0.000041	-11123.062
1890	3	1110	0.000237	0.000069	0.000068	-11118.185
1900	3	1110	0.000372	0.000109	0.000106	-11116.944
1910	3	1110	0.000390	0.000114	0.000111	-11128.466
1920	3	1110	0.000453	0.000163	0.000114	-11125.116
1930	2	1100	0.000395	0.000050	-11128.177
1940	2	1100	0.000527	0.000046	-11129.550
1950	2	1100	0.000622	0.000190	-11124.315
1960	2	1100	0.000568	0.000167	-11128.970
1970	3	1110	0.000685	0.000201	0.000036	-11123.413
1980	2	1100	0.000615	0.000369	-11130.645
1990	4	1111	0.000553	0.000499	0.000286	0.000101	-11139.893
2000	4	1111	0.000409	0.000387	0.000149	0.000174	-11132.752
2010	3	1110	0.000606	0.000528	0.000109	-11124.511
2020	3	1110	0.000555	0.000375	0.000175	-11141.084
2030	3	1110	0.000584	0.000265	0.000100	-11127.620
2040	3	1110	0.000819	0.000501	0.000074	-11136.563
2050	3	1110	0.000666	0.000278	0.000248	-11126.374
2060	3	1110	0.000478	0.000291	0.000199	-11136.706
2070	3	1110	0.000694	0.000438	0.000309	-11128.471
2080	3	1110	0.000694	0.000330	0.000251	-11125.735
2090	3	1110	0.000664	0.000368	0.000212	-11131.009
2100	4	1111	0.000861	0.000491	0.000440	0.000037	-11124.947
2110	3	1110	0.000550	0.000331	0.000236	-11128.518
2120	3	1101	0.000645	0.000233	0.000082	-11128.467
2130	3	1110	0.000680	0.000067	0.000037	-11131.102
2140	3	1101	0.000538	0.000078	0.000020	-11117.591
2150	3	1110	0.000419	0.000079	0.000030	-11125.065
2160	2	1100	0.000462	0.000063	-11131.562
2170	2	1100	0.000575	0.000033	-11121.517
2180	3	1110	0.000569	0.000022	0.000007	-11124.632
2190	3	1110	0.000623	0.000055	0.000051	-11132.774
2200	2	1100	0.000905	0.000203	-11130.210
2210	2	1100	0.001003	0.000053	-11126.001
2220	2	1100	0.000926	0.000139	-11115.529
2230	2	1100	0.000855	0.000128	-11124.427
2240	2	1100	0.000890	0.000061	-11128.997
2250	2	1100	0.000880	0.000061	-11135.466
2260	3	1110	0.000829	0.000100	0.000071	-11124.584
2270	3	1110	0.000809	0.000119	0.000013	-11130.948
2280	3	1110	0.000729	0.000203	0.000113	-11142.032
2290	3	1110	0.000653	0.000198	0.000156	-11137.399
2300	3	1110	0.000760	0.000365	0.000054	-11129.401
2310	2	1100	0.000885	0.000361	-11139.901
2320	3	1110	0.001021	0.000175	0.000104	-11122.623
2330	3	1110	0.001005	0.000204	0.000165	-11141.021
2340	3	1110	0.001039	0.000149	0.000129	-11140.814
2350	3	1110	0.000927	0.000132	0.000101	-11113.271
2360	3	1110	0.000796	0.000221	0.000139	-11127.699
2370	3	1110	0.000804	0.000211	0.000200	-11124.791
2380	3	1110	0.000626	0.000113	0.000098	-11117.619
2390	3	1110	0.000529	0.000307	0.000196	-11117.282
2400	3	1110	0.000456	0.000227	0.000219	-11117.270
2410	3	1101	0.000551	0.000265	0.000010	-11130.844
2420	2	1100	0.000501	0.000233	-11134.444
2430	3	1110	0.000583	0.000133	0.000106	-11134.029
2440	2	1100	0.000437	0.000131	-11124.711
2450	3	1101	0.000668	0.000213	0.000097	-11126.325
2460	3	1101	0.000616	0.000315	0.000150	-11127.302
2470	4	1111	0.000565	0.000478	0.000179	0.000200	-11133.256
2480	4	1111	0.000476	0.000440	0.000002	0.000120	-11140.480
2490	4	1111	0.000469	0.000444	0.000221	0.000079	-11150.965
2500	4	1111	0.000592	0.000481	0.000305	0.000146	-11144.044
2510	4	1111	0.000692	0.000603	0.000428	0.000056	-11138.852
2520	4	1111	0.000809	0.000775	0.000692	0.000091	-11143.918
2530	4	1111	0.000457	0.000406	0.000327	0.000032	-11139.398
2540	4	1111	0.000569	0.000545	0.000371	0.000050	-11141.299
2550	4	1111	0.000622	0.000498	0.000198	0.000012	-11137.532
2560	3	1110	0.000667	0.000355	0.000166	-11130.099
2570	3	1110	0.000536	0.000164	0.000141	-11132.991
2580	3	1110	0.000519	0.000240	0.000111	-11142.118
2590	2	1100	0.000445	0.000170	-11126.295
2600	3	1110	0.000330	0.000106	0.000010	-11137.079
2610	2	1100	0.000452	0.000068	-11121.290
2620	2	1100	0.000501	0.000037	-11118.353
2630	3	1110	0.000508	0.000053	0.000033	-11120.923
2640	2	1100	0.000715	0.000104	-11134.384
2650	2	1100	0.000607	0.000038	-11139.803
2660	2	1100	0.000980	0.000116	-11128.529
2670	2	1100	0.000781	0.000034	-11130.134
2680	1	1000	0.000614	-11133.614
2690	1	1000	0.000665	-11125.643
2700	1	1000	0.000674	-11123.021
2710	1	1000	0.000788	-11134.552
2720	1	1000	0.000844	-11126.162
2730	1	1000	0.000943	-11135.318
2740	1	1000	0.000845	-11124.807
2750	3	1110	0.000949	0.000050	0.000017	-11127.610
2760	3	1101	0.000627	0.000057	0.000028	-11130.561
2770	2	1100	0.000634	0.000250	-11129.388
2780	3	1110	0.000571	0.000204	0.000088	-11136.724
2790	3	1110	0.000508	0.000069	0.000064	-11137.136
2800	3	1110	0.000635	0.000086	0.000085	-11132.087
2810	3	1110	0.000714	0.000086	0.000086	-11138.496
2820	3	1110	0.000879	0.000099	0.000084	-11135.441
2830	4	1111	0.001082	0.000141	0.000083	0.000041	-11144.393
2840	4	1111	0.001135	0.000074	0.000061	0.000026	-11147.226
2850	3	1101	0.000821	0.000071	0.000024	-11123.542
2860	3	1101	0.000736	0.000114	0.000039	-11142.966
2870	2	1100	0.000999	0.000145	-11130.575
2880	2	1100	0.000839	0.000034	-11128.473
2890	2	1100	0.000715	0.000057	-11130.554
2900	4	1111	0.000722	0.000177	0.000130	0.000042	-11137.397
2910	4	1111	0.000703	0.000165	0.000146	0.000079	-11132.593
2920	4	1111	0.000555	0.000163	0.000145	0.000087	-11131.577
2930	4	1111	0.000555	0.000163	0.000011	0.000118	-11133.555
2940	3	1101	0.000499	0.000163	0.000151	-11123.579
2950	4	1111	0.000638	0.000288	0.000242	0.000267	-11137.586
2960	4	1111	0.000633	0.000283	0.000005	0.000057	-11132.884
2970	3	1101	0.000480	0.000125	0.000112	-11130.400
2980	3	1101	0.000438	0.000086	0.000032	-11113.239
2990	3	1101	0.000652	0.000087	0.000042	-11124.025
3000	3	1101	0.000629	0.000185	0.000140	-11125.895
3010	4	1111	0.000606	0.000269	0.000183	0.000076	-11134.234
3020	3	1101	0.000601	0.000080	0.000044	-11124.664
3030	4	1111	0.000587	0.000184	0.000030	0.000153	-11128.375
3040	3	1101	0.000463	0.000170	0.000100	-11138.294
3050	4	1111	0.000613	0.000131	0.000123	0.000043	-11140.761
3060	3	1101	0.000712	0.000209	0.000127	-11135.276
3070	4	1111	0.000475	0.000114	0.000087	0.000097	-11125.365
3080	3	1101	0.000577	0.000137	0.000120	-11124.234
3090	4	1111	0.000571	0.000133	0.000024	0.000116	-11132.221
3100	3	1101	0.000585	0.000136	0.000119	-11125.020
3110	3	1101	0.000595	0.000111	0.000074	-11136.047
3120	3	1101	0.000445	0.000117	0.000065	-11128.758
3130	3	1101	0.000590	0.000149	0.000035	-11127.938
3140	3	1101	0.000554	0.000097	0.000032	-11124.863
3150	3	1101	0.000461	0.000122	0.000043	-11129.294
3160	2	1100	0.000531	0.000107	-11121.388
3170	3	1110	0.000465	0.000092	0.000047	-11128.028
3180	2	1100	0.000423	0.000082	-11120.590
3190	2	1100	0.000615	0.000058	-11119.212
3200	2	1100	0.000422	0.000040	-11138.535
3210	3	1101	0.000485	0.000063	0.000017	-11124.413
3220	3	1110	0.000499	0.000111	0.000110	-11124.104
3230	3	1110	0.000441	0.000098	0.000097	-11132.642
3240	3	1110	0.000505	0.000145	0.000033	-11130.248
3250	2	1100	0.000505	0.000072	-11125.024
3260	3	1110	0.000415	0.000206	0.000147	-11124.866
3270	3	1110	0.000430	0.000142	0.000054	-11141.897
3280	3	1110	0.000490	0.000182	0.000110	-11121.732
3290	4	1111	0.000338	0.000091	0.000086	0.000009	-11123.711
3300	4	1111	0.000411	0.000147	0.000114	0.000010	-11129.221
3310	3	1110	0.000377	0.000159	0.000115	-11128.065
3320	2	1100	0.000359	0.000138	-11122.156
3330	3	1110	0.000460	0.000283	0.000112	-11133.982
3340	3	1110	0.000460	0.000094	0.000057	-11121.265
3350	3	1110	0.000425	0.000342	0.000255	-11136.344
3360	3	1110	0.000397	0.000305	0.000284	-11124.598
3370	3	1110	0.000343	0.000212	0.000189	-11115.283
3380	3	1110	0.000343	0.000227	0.000201	-11130.741
3390	3	1110	0.000305	0.000172	0.000098	-11127.180
3400	3	1110	0.000328	0.000280	0.000063	-11129.665
3410	3	1110	0.000445	0.000360	0.000153	-11132.233
3420	3	1110	0.000601	0.000468	0.000355	-11131.291
3430	3	1110	0.000599	0.000539	0.000233	-11137.285
3440	3	1110	0.000562	0.000545	0.000507	-11124.198
3450	4	1111	0.000642	0.000605	0.000581	0.000015	-11138.803
3460	3	1110	0.000719	0.000689	0.000537	-11142.478
3470	3	1110	0.000581	0.000477	0.000270	-11121.791
3480	3	1110	0.000496	0.000416	0.000371	-11137.624
3490	3	1110	0.000434	0.000424	0.000244	-11127.655
3500	3	1110	0.000410	0.000329	0.000066	-11133.321
3510	3	1110	0.000328	0.000170	0.000045	-11135.059
3520	3	1110	0.000499	0.000403	0.000379	-11130.777
3530	3	1110	0.000590	0.000533	0.000507	-11132.107
3540	3	1110	0.000536	0.000473	0.000311	-11142.369
3550	3	1110	0.000609	0.000561	0.000111	-11132.651
3560	3	1110	0.000658	0.000482	0.000250	-11133.406
3570	3	1110	0.000620	0.000455	0.000133	-11140.577
3580	3	1110	0.000859	0.000386	0.000382	-11122.223
3590	3	1110	0.000738	0.000332	0.000319	-11131.349
3600	3	1110	0.000560	0.000205	0.000092	-11136.304
3610	3	1110	0.000567	0.000250	0.000160	-11122.166
3620	3	1110	0.000795	0.000340	0.000192	-11135.624
3630	3	1110	0.000794	0.000359	0.000292	-11131.816
3640	3	1110	0.000797	0.000328	0.000102	-11124.681
3650	3	1110	0.000672	0.000396	0.000187	-11128.394
3660	3	1110	0.000556	0.000309	0.000145	-11126.056
3670	2	1100	0.000495	0.000195	-11127.764
3680	3	1110	0.000511	0.000222	0.000194	-11129.757
3690	3	1110	0.000638	0.000263	0.000083	-11132.142
3700	3	1110	0.000705	0.000181	0.000131	-11125.527
3710	3	1110	0.000609	0.000107	0.000082	-11142.355
3720	3	1110	0.000704	0.000118	0.000079	-11126.677
3730	3	1110	0.000650	0.000142	0.000027	-11136.481
3740	3	1110	0.000916	0.000090	0.000038	-11130.856
3750	2	1100	0.000850	0.000064	-11127.289
3760	3	1101	0.000844	0.000133	0.000026	-11133.436
3770	3	1110	0.000851	0.000081	0.000058	-11127.186
3780	2	1100	0.000830	0.000118	-11136.743
3790	2	1100	0.000789	0.000088	-11131.158
3800	2	1100	0.000826	0.000191	-11138.320
3810	3	1110	0.000815	0.000144	0.000114	-11128.747
3820	2	1100	0.000650	0.000062	-11129.315
3830	2	1100	0.000958	0.000075	-11127.092
3840	2	1100	0.000822	0.000099	-11128.371
3850	3	1110	0.001125	0.000080	0.000059	-11127.458
3860	2	1100	0.000916	0.000085	-11121.672
3870	2	1100	0.000934	0.000062	-11131.979
3880	3	1110	0.000833	0.000096	0.000060	-11140.863
3890	3	1110	0.000912	0.000067	0.000020	-11141.234
3900	2	1100	0.000619	0.000066	-11133.509
3910	2	1100	0.000715	0.000129	-11124.893
3920	2	1100	0.000868	0.000209	-11134.753
3930	2	1100	0.000745	0.000448	-11134.295
3940	3	1110	0.000808	0.000205	0.000129	-11135.248
3950	3	1110	0.000753	0.000184	0.000181	-11128.394
3960	3	1110	0.000909	0.000170	0.000059	-11128.349
3970	2	1100	0.000649	0.000206	-11140.976
3980	3	1110	0.000748	0.000113	0.000010	-11133.241
3990	3	1101	0.000772	0.000130	0.000032	-11123.315
4000	2	1100	0.000732	0.000385	-11129.679
4010	4	1111	0.000742	0.000152	0.000022	0.000009	-11122.393
4020	3	1110	0.000814	0.000101	0.000049	-11135.140
4030	3	1101	0.000717	0.000140	0.000004	-11136.420
4040	2	1100	0.000748	0.000092	-11134.254
4050	2	1100	0.000424	0.000054	-11128.393
4060	3	1101	0.000381	0.000078	0.000025	-11122.047
4070	2	1100	0.000461	0.000129	-11127.947
4080	3	1110	0.000380	0.000162	0.000038	-11123.977
4090	2	1100	0.000376	0.000062	-11125.377
4100	2	1100	0.000430	0.000379	-11127.867
4110	3	1110	0.000429	0.000221	0.000180	-11117.982
4120	3	1110	0.000490	0.000163	0.000055	-11128.265
4130	2	1100	0.000607	0.000086	-11120.127
4140	2	1100	0.000609	0.000029	-11136.328
4150	3	1101	0.000641	0.000023	0.000003	-11125.085
4160	2	1100	0.000922	0.000021	-11149.781
4170	3	1110	0.000754	0.000099	0.000009	-11133.852
4180	2	1100	0.000676	0.000024	-11125.701
4190	3	1101	0.000610	0.000020	0.000009	-11126.773
4200	2	1100	0.000772	0.000024	-11128.726
4210	2	1100	0.000634	0.000018	-11122.557
4220	2	1100	0.000572	0.000025	-11123.481
4230	2	1100	0.000513	0.000009	-11130.616
4240	2	1100	0.000566	0.000032	-11128.633
4250	2	1100	0.000627	0.000022	-11122.981
4260	2	1100	0.000681	0.000025	-11128.586
4270	3	1101	0.000666	0.000023	0.000009	-11124.977
4280	2	1100	0.000823	0.000046	-11133.478
4290	2	1100	0.000639	0.000039	-11148.000
4300	3	1101	0.000585	0.000104	0.000078	-11129.652
4310	1	1000	0.000510	-11125.859
4320	1	1000	0.000552	-11117.377
4330	2	1100	0.000526	0.000050	-11129.981
4340	1	1000	0.000542	-11129.609
4350	1	1000	0.000565	-11130.050
4360	1	1000	0.000720	-11129.644
4370	1	1000	0.000634	-11133.902
4380	1	1000	0.000900	-11122.683
4390	2	1100	0.000910	0.000015	-11124.274
4400	1	1000	0.001232	-11133.125
4410	1	1000	0.000854	-11126.148
4420	1	1000	0.000858	-11133.319
4430	1	1000	0.001033	-11129.520
4440	1	1000	0.001051	-11144.867
4450	1	1000	0.000793	-11141.107
4460	1	1000	0.001122	-11137.077
4470	1	1000	0.001365	-11128.967
4480	1	1000	0.001120	-11139.299
4490	2	1100	0.001172	0.000027	-11128.597
4500	1	1000	0.001194	-11120.005
4510	1	1000	0.001153	-11123.681
4520	1	1000	0.001296	-11144.798
4530	1	1000	0.001300	-11136.989
4540	1	1000	0.001542	-11135.272
4550	1	1000	0.001084	-11140.793
4560	1	1000	0.001362	-11136.126
4570	1	1000	0.000965	-11144.504
4580	1	1000	0.001285	-11137.121
4590	1	1000	0.001178	-11135.794
4600	1	1000	0.000714	-11137.731
4610	1	1000	0.000882	-11138.223
4620	1	1000	0.001021	-11125.165
4630	1	1000	0.000803	-11122.086
4640	1	1000	0.001201	-11129.230
4650	1	1000	0.001081	-11138.443
4660	1	1000	0.001160	-11128.763
4670	1	1000	0.001469	-11124.526
4680	1	1000	0.000952	-11135.292
4690	1	1000	0.001188	-11133.935
4700	1	1000	0.001488	-11127.851
4710	1	1000	0.001335	-11138.028
4720	1	1000	0.001076	-11133.761
4730	1	1000	0.001435	-11129.282
4740	1	1000	0.000708	-11138.415
4750	1	1000	0.000796	-11124.093
4760	1	1000	0.000707	-11128.181
4770	1	1000	0.000765	-11122.005
4780	1	1000	0.000765	-11127.273
4790	3	1110	0.000811	0.000048	0.000009	-11140.918
4800	1	1000	0.000792	-11125.146
4810	1	1000	0.000933	-11124.068
4820	1	1000	0.000780	-11133.887
4830	1	1000	0.000936	-11122.819
4840	1	1000	0.000789	-11133.170
4850	1	1000	0.000684	-11133.850
4860	2	1100	0.000862	0.000007	-11135.486
4870	1	1000	0.000788	-11132.342
4880	1	1000	0.000821	-11119.861
4890	1	1000	0.000558	-11138.464
4900	1	1000	0.000677	-11127.397
4910	1	1000	0.000583	-11137.729
4920	2	1100	0.000494	0.000036	-11141.748
4930	2	1100	0.000490	0.000023	-11127.976
4940	3	1110	0.000489	0.000050	0.000011	-11126.107
4950	3	1110	0.000478	0.000098	0.000035	-11130.892
4960	4	1111	0.000423	0.000106	0.000040	0.000020	-11124.924
4970	1	1000	0.000692	-11122.013
4980	1	1000	0.000424	-11119.635
4990	1	1000	0.000485	-11117.678
5000	2	1100	0.000476	0.000037	-11124.076
5010	3	1110	0.000599	0.000038	0.000034	-11113.777
5020	2	1100	0.000634	0.000100	-11126.140
5030	3	1110	0.000599	0.000116	0.000016	-11133.894
5040	3	1110	0.000650	0.000082	0.000069	-11133.675
5050	3	1110	0.000951	0.000114	0.000058	-11140.874
5060	2	1100	0.000808	0.000182	-11129.146
5070	2	1100	0.000924	0.000097	-11123.454
5080	2	1100	0.000678	0.000075	-11137.259
5090	3	1110	0.000930	0.000085	0.000041	-11121.916
5100	2	1100	0.000783	0.000044	-11132.002
5110	2	1100	0.000693	0.000220	-11136.199
5120	2	1100	0.000520	0.000180	-11137.139
5130	2	1100	0.000677	0.000045	-11129.955
5140	2	1100	0.000663	0.000109	-11121.718
5150	2	1100	0.001057	0.000064	-11122.203
5160	2	1100	0.000859	0.000095	-11142.983
5170	2	1100	0.000875	0.000038	-11135.587
5180	2	1100	0.001099	0.000119	-11127.665
5190	3	1110	0.000948	0.000120	0.000049	-11134.455
5200	3	1110	0.000858	0.000155	0.000149	-11124.256
5210	3	1110	0.001059	0.000176	0.000170	-11133.877
5220	3	1110	0.001204	0.000238	0.000229	-11140.411
5230	3	1110	0.001204	0.000309	0.000297	-11139.049
5240	3	1110	0.001234	0.000237	0.000154	-11141.701
5250	3	1110	0.001229	0.000345	0.000279	-11145.620
5260	2	1100	0.001088	0.000401	-11129.927
5270	2	1100	0.001265	0.000154	-11132.054
5280	2	1100	0.000880	0.000036	-11139.710
5290	2	1100	0.001234	0.000148	-11126.108
5300	2	1100	0.001110	0.000192	-11136.732
5310	2	1100	0.000752	0.000059	-11137.254
5320	3	1110	0.000984	0.000068	0.000015	-11124.622
5330	2	1100	0.000643	0.000081	-11132.187
5340	2	1100	0.000588	0.000072	-11145.347
5350	3	1110	0.000789	0.000064	0.000055	-11129.487
5360	3	1110	0.000745	0.000050	0.000035	-11122.127
5370	3	1110	0.000828	0.000058	0.000034	-11125.095
5380	2	1100	0.000757	0.000021	-11117.871
5390	2	1100	0.000993	0.000076	-11132.783
5400	3	1110	0.000689	0.000099	0.000017	-11132.171
5410	2	1100	0.000895	0.000044	-11136.765
5420	2	1100	0.001098	0.000074	-11122.693
5430	2	1100	0.000928	0.000066	-11134.911
5440	2	1100	0.000833	0.000072	-11133.292
5450	3	1110	0.000800	0.000120	0.000068	-11130.057
5460	4	1111	0.000956	0.000252	0.000166	0.000025	-11142.889
5470	3	1110	0.000958	0.000194	0.000144	-11127.817
5480	2	1100	0.001052	0.000091	-11132.335
5490	2	1100	0.000927	0.000068	-11134.299
5500	2	1100	0.001234	0.000052	-11141.184
5510	2	1100	0.001240	0.000094	-11135.034
5520	2	1100	0.001364	0.000094	-11132.345
5530	2	1100	0.001493	0.000054	-11134.176
5540	2	1100	0.001097	0.000216	-11126.901
5550	3	1110	0.001169	0.000291	0.000138	-11122.409
5560	3	1101	0.001085	0.000040	0.000011	-11140.150
5570	2	1100	0.001137	0.000131	-11126.252
5580	1	1000	0.000830	-11140.316
5590	1	1000	0.000938	-11125.211
5600	1	1000	0.000836	-11133.659
5610	1	1000	0.000889	-11136.397
5620	1	1000	0.000763	-11134.529
5630	1	1000	0.000820	-11127.238
5640	1	1000	0.000924	-11131.559
5650	2	1100	0.000853	0.000076	-11129.131
5660	3	1110	0.000748	0.000105	0.000014	-11122.839
5670	3	1110	0.000672	0.000125	0.000078	-11130.871
5680	4	1111	0.000744	0.000270	0.000218	0.000016	-11125.926
5690	4	1111	0.000615	0.000186	0.000111	0.000075	-11122.405
5700	2	1100	0.000512	0.000379	-11119.344
5710	3	1110	0.000576	0.000146	0.000107	-11133.052
5720	2	1100	0.000610	0.000159	-11123.410
5730	3	1110	0.000495	0.000114	0.000025	-11131.854
5740	2	1100	0.000520	0.000121	-11126.030
5750	3	1110	0.000618	0.000138	0.000033	-11129.507
5760	2	1100	0.000504	0.000200	-11121.185
5770	2	1100	0.000673	0.000134	-11131.527
5780	2	1100	0.000661	0.000169	-11134.068
5790	3	1110	0.000635	0.000123	0.000116	-11131.820
5800	3	1110	0.000457	0.000119	0.000087	-11122.086
5810	3	1110	0.000544	0.000109	0.000004	-11143.886
5820	2	1100	0.000540	0.000096	-11129.092
5830	2	1100	0.000504	0.000077	-11134.499
5840	2	1100	0.000604	0.000076	-11129.023
5850	2	1100	0.000470	0.000105	-11129.059
5860	3	1110	0.000516	0.000164	0.000015	-11126.077
5870	3	1110	0.000458	0.000145	0.000143	-11127.258
5880	3	1110	0.000510	0.000133	0.000104	-11118.518
5890	3	1110	0.000409	0.000131	0.000076	-11127.665
5900	3	1110	0.000688	0.000206	0.000129	-11126.412
5910	3	1110	0.000551	0.000142	0.000136	-11136.675
5920	3	1110	0.000426	0.000153	0.000049	-11130.259
5930	3	1110	0.000433	0.000181	0.000158	-11125.104
5940	3	1110	0.000335	0.000140	0.000122	-11138.692
5950	2	1100	0.000335	0.000140	-11132.480
5960	2	1100	0.000266	0.000067	-11128.241
5970	4	1111	0.000190	0.000085	0.000029	0.000003	-11123.802
5980	3	1110	0.000281	0.000111	0.000103	-11138.171
5990	4	1111	0.000336	0.000133	0.000115	0.000011	-11122.580
6000	3	1110	0.000378	0.000248	0.000219	-11119.134
6010	4	1111	0.000397	0.000328	0.000253	0.000005	-11119.206
6020	4	1111	0.000340	0.000180	0.000092	0.000006	-11118.101
6030	3	1110	0.000344	0.000236	0.000213	-11119.548
6040	3	1110	0.000333	0.000272	0.000218	-11145.686
6050	3	1110	0.000316	0.000301	0.000179	-11125.588
6060	4	1111	0.000334	0.000327	0.000066	0.000033	-11125.029
6070	3	1110	0.000317	0.000298	0.000182	-11124.982
6080	4	1111	0.000301	0.000243	0.000184	0.000062	-11124.288
6090	4	1111	0.000310	0.000273	0.000195	0.000133	-11128.091
6100	4	1111	0.000267	0.000223	0.000181	0.000076	-11120.690
6110	4	1111	0.000243	0.000200	0.000163	0.000119	-11123.547
6120	3	1101	0.000302	0.000273	0.000113	-11129.266
6130	3	1101	0.000262	0.000155	0.000098	-11127.105
6140	3	1101	0.000255	0.000161	0.000126	-11119.818
6150	4	1111	0.000218	0.000126	0.000067	0.000108	-11119.101
6160	4	1111	0.000213	0.000115	0.000084	0.000106	-11129.807
6170	3	1101	0.000203	0.000105	0.000101	-11129.246
6180	4	1111	0.000210	0.000179	0.000101	0.000165	-11123.547
6190	3	1101	0.000237	0.000143	0.000098	-11127.837
6200	4	1111	0.000252	0.000124	0.000063	0.000085	-11129.663
6210	3	1101	0.000332	0.000222	0.000181	-11136.242
6220	4	1111	0.000409	0.000306	0.000227	0.000295	-11132.286
6230	4	1111	0.000349	0.000266	0.000194	0.000259	-11129.792
6240	4	1111	0.000349	0.000274	0.000091	0.000259	-11136.035
6250	4	1111	0.000310	0.000196	0.000189	0.000061	-11121.774
6260	4	1111	0.000397	0.000265	0.000180	0.000035	-11122.847
6270	4	1111	0.000447	0.000446	0.000438	0.000074	-11127.868
6280	4	1111	0.000368	0.000361	0.000360	0.000202	-11145.312
6290	4	1111	0.000437	0.000436	0.000365	0.000101	-11147.157
6300	4	1111	0.000489	0.000487	0.000320	0.000191	-11142.878
6310	4	1111	0.000388	0.000387	0.000380	0.000250	-11135.211
6320	4	1111	0.000388	0.000385	0.000380	0.000085	-11134.044
6330	4	1111	0.000316	0.000314	0.000310	0.000064	-11140.830
6340	4	1111	0.000273	0.000273	0.000063	0.000266	-11140.066
6350	4	1111	0.000342	0.000341	0.000282	0.000299	-11133.344
6360	4	1111	0.000272	0.000270	0.000270	0.000142	-11131.068
6370	4	1111	0.000272	0.000272	0.000207	0.000142	-11131.088
6380	4	1111	0.000216	0.000216	0.000205	0.000087	-11120.026
6390	4	1111	0.000330	0.000329	0.000151	0.000219	-11138.503
6400	4	1111	0.000246	0.000243	0.000081	0.000120	-11130.216
6410	3	1110	0.000338	0.000334	0.000242	-11125.896
6420	3	1110	0.000374	0.000365	0.000336	-11130.193
6430	3	1110	0.000374	0.000368	0.000326	-11128.153
6440	3	1110	0.000452	0.000335	0.000297	-11135.863
6450	2	1100	0.000325	0.000239	-11127.467
6460	3	1110	0.000437	0.000343	0.000148	-11131.752
6470	4	1111	0.000539	0.000430	0.000218	0.000013	-11128.815
6480	3	1110	0.000583	0.000298	0.000236	-11126.230
6490	2	1100	0.000504	0.000369	-11125.957
6500	3	1110	0.000575	0.000332	0.000276	-11127.855
6510	3	1110	0.000424	0.000239	0.000144	-11137.687
6520	3	1110	0.000651	0.000486	0.000365	-11140.019
6530	3	1110	0.000840	0.000445	0.000420	-11137.690
6540	3	1110	0.000792	0.000347	0.000068	-11126.723
6550	3	1110	0.000733	0.000351	0.000321	-11124.451
6560	3	1110	0.000706	0.000308	0.000185	-11131.347
6570	3	1110	0.000631	0.000410	0.000179	-11127.895
6580	3	1110	0.000774	0.000446	0.000176	-11134.454
6590	3	1110	0.000843	0.000524	0.000235	-11141.874
6600	2	1100	0.000706	0.000486	-11134.456
6610	3	1110	0.000604	0.000317	0.000189	-11137.385
6620	3	1110	0.000738	0.000232	0.000145	-11128.325
6630	2	1100	0.000826	0.000141	-11125.834
6640	2	1100	0.000733	0.000150	-11124.840
6650	3	1110	0.000684	0.000062	0.000024	-11136.131
6660	3	1110	0.000913	0.000067	0.000064	-11119.892
6670	3	1110	0.000685	0.000074	0.000037	-11126.975
6680	2	1100	0.000631	0.000097	-11134.150
6690	2	1100	0.000556	0.000056	-11128.885
6700	2	1100	0.000717	0.000135	-11124.564
6710	2	1100	0.000932	0.000120	-11126.327
6720	2	1100	0.000532	0.000086	-11126.245
6730	2	1100	0.000566	0.000085	-11124.283
6740	3	1101	0.000618	0.000108	0.000008	-11119.021
6750	3	1110	0.000754	0.000088	0.000034	-11122.967
6760	2	1100	0.000737	0.000061	-11123.210
6770	3	1110	0.000621	0.000206	0.000035	-11118.821
6780	2	1100	0.000666	0.000245	-11130.310
6790	3	1110	0.000617	0.000310	0.000233	-11131.993
6800	3	1110	0.000591	0.000182	0.000089	-11121.701
6810	4	1111	0.000450	0.000138	0.000122	0.000036	-11146.723
6820	3	1110	0.000519	0.000159	0.000066	-11122.241
6830	2	1100	0.000540	0.000190	-11127.114
6840	2	1100	0.000744	0.000210	-11117.160
6850	2	1100	0.000689	0.000267	-11141.113
6860	3	1110	0.000636	0.000076	0.000021	-11131.402
6870	2	1100	0.000770	0.000098	-11130.211
6880	2	1100	0.000810	0.000105	-11123.449
6890	2	1100	0.000684	0.000067	-11129.911
6900	2	1100	0.000672	0.000268	-11137.263
6910	3	1110	0.000789	0.000192	0.000058	-11123.065
6920	3	1101	0.000781	0.000107	0.000008	-11126.587
6930	3	1110	0.001043	0.000072	0.000004	-11130.387
6940	2	1100	0.001173	0.000058	-11130.367
6950	2	1100	0.000829	0.000052	-11134.293
6960	3	1110	0.000852	0.000059	0.000009	-11133.969
6970	2	1100	0.001082	0.000090	-11136.136
6980	2	1100	0.000949	0.000113	-11127.861
6990	2	1100	0.000945	0.000220	-11125.246
7000	2	1100	0.000919	0.000107	-11117.967
7010	3	1110	0.001134	0.000095	0.000003	-11135.527
7020	2	1100	0.000708	0.000079	-11128.495
7030	2	1100	0.000904	0.000140	-11126.518
7040	3	1110	0.000879	0.000152	0.000061	-11129.273
7050	3	1110	0.001181	0.000235	0.000174	-11132.369
7060	2	1100	0.000857	0.000200	-11127.468
7070	3	1110	0.000665	0.000502	0.000096	-11139.629
7080	3	1110	0.000726	0.000442	0.000273	-11128.755
7090	3	1101	0.000755	0.000263	0.000042	-11125.299
7100	4	1111	0.000553	0.000432	0.000368	0.000030	-11137.670
7110	4	1111	0.000659	0.000431	0.000197	0.000006	-11125.803
7120	4	1111	0.000659	0.000530	0.000219	0.000006	-11145.148
7130	4	1111	0.000693	0.000436	0.000402	0.000007	-11135.946
7140	3	1110	0.000654	0.000292	0.000270	-11140.400
7150	3	1110	0.000654	0.000283	0.000191	-11139.406
7160	3	1110	0.000761	0.000325	0.000178	-11129.578
7170	3	1110	0.000520	0.000132	0.000123	-11135.225
7180	3	1110	0.000655	0.000147	0.000138	-11123.222
7190	3	1110	0.000777	0.000164	0.000151	-11120.186
7200	3	1110	0.000668	0.000203	0.000120	-11129.286
7210	3	1110	0.000591	0.000138	0.000029	-11126.590
7220	3	1110	0.000429	0.000063	0.000021	-11116.997
7230	2	1100	0.000544	0.000089	-11135.377
7240	2	1100	0.000586	0.000065	-11126.442
7250	2	1100	0.000480	0.000045	-11125.790
7260	2	1100	0.000511	0.000063	-11118.174
7270	3	1110	0.000422	0.000061	0.000040	-11137.175
7280	3	1110	0.000290	0.000062	0.000015	-11121.572
7290	3	1110	0.000400	0.000254	0.000240	-11117.677
7300	3	1110	0.000351	0.000223	0.000178	-11130.839
7310	4	1111	0.000366	0.000316	0.000135	0.000047	-11142.355
7320	4	1111	0.000366	0.000236	0.000059	0.000048	-11144.247
7330	3	1110	0.000415	0.000326	0.000295	-11140.037
7340	3	1110	0.000312	0.000175	0.000110	-11126.601
7350	3	1110	0.000402	0.000131	0.000119	-11139.992
7360	3	1110	0.000334	0.000121	0.000074	-11119.185
7370	3	1110	0.000334	0.000148	0.000115	-11125.208
7380	3	1110	0.000284	0.000118	0.000088	-11127.200
7390	3	1110	0.000345	0.000166	0.000151	-11126.960
7400	3	1110	0.000332	0.000199	0.000176	-11122.316
7410	3	1110	0.000360	0.000216	0.000187	-11122.239
7420	2	1100	0.000286	0.000260	-11122.675
7430	2	1100	0.000346	0.000115	-11135.771
7440	3	1110	0.000351	0.000332	0.000136	-11121.179
7450	3	1110	0.000457	0.000349	0.000100	-11127.863
7460	3	1110	0.000373	0.000259	0.000257	-11123.977
7470	3	1110	0.000408	0.000288	0.000134	-11121.523
7480	3	1110	0.000329	0.000182	0.000147	-11139.389
7490	3	1110	0.000284	0.000182	0.000052	-11136.989
7500	3	1110	0.000284	0.000148	0.000026	-11133.859
7510	2	1100	0.000358	0.000214	-11124.370
7520	2	1100	0.000354	0.000141	-11122.940
7530	2	1100	0.000368	0.000142	-11120.341
7540	3	1110	0.000334	0.000087	0.000023	-11129.248
7550	2	1100	0.000267	0.000022	-11118.193
7560	2	1100	0.000255	0.000021	-11122.570
7570	1	1000	0.000303	-11120.649
7580	1	1000	0.000233	-11126.970
7590	2	1100	0.000190	0.000002	-11117.568
7600	1	1000	0.000168	-11114.676
7610	2	1100	0.000177	0.000028	-11115.457
7620	3	1101	0.000190	0.000053	0.000041	-11115.529
7630	3	1101	0.000177	0.000150	0.000057	-11130.067
7640	3	1110	0.000154	0.000135	0.000099	-11122.144
7650	3	1110	0.000180	0.000135	0.000115	-11128.420
7660	3	1110	0.000248	0.000202	0.000168	-11133.898
7670	3	1110	0.000328	0.000242	0.000026	-11128.716
7680	2	1100	0.000300	0.000138	-11130.164
7690	2	1100	0.000248	0.000071	-11124.806
7700	2	1100	0.000325	0.000058	-11128.016
7710	3	1101	0.000223	0.000090	0.000014	-11124.143
7720	4	1111	0.000336	0.000179	0.000090	0.000019	-11125.805
7730	4	1111	0.000280	0.000247	0.000132	0.000071	-11129.321
7740	4	1111	0.000242	0.000182	0.000104	0.000064	-11121.940
7750	4	1111	0.000353	0.000275	0.000214	0.000048	-11132.991
7760	4	1111	0.000348	0.000331	0.000146	0.000241	-11124.519
7770	4	1111	0.000360	0.000302	0.000212	0.000211	-11118.484
7780	4	1111	0.000343	0.000302	0.000254	0.000242	-11133.661
7790	4	1111	0.000307	0.000194	0.000135	0.000128	-11136.979
7800	4	1111	0.000291	0.000185	0.000145	0.000127	-11118.583
7810	4	1111	0.000331	0.000235	0.000163	0.000079	-11133.845
7820	3	1110	0.000392	0.000322	0.000244	-11126.010
7830	3	1110	0.000270	0.000241	0.000066	-11122.271
7840	3	1110	0.000247	0.000232	0.000114	-11129.153
7850	3	1110	0.000247	0.000225	0.000063	-11137.044
7860	3	1110	0.000305	0.000278	0.000223	-11133.609
7870	3	1110	0.000193	0.000156	0.000148	-11127.615
7880	3	1110	0.000248	0.000192	0.000045	-11113.824
7890	3	1110	0.000210	0.000151	0.000068	-11123.355
7900	3	1110	0.000270	0.000189	0.000161	-11143.636
7910	3	1110	0.000235	0.000169	0.000150	-11125.954
7920	3	1110	0.000288	0.000191	0.000180	-11119.930
7930	2	1100	0.000242	0.000053	-11127.850
7940	2	1100	0.000262	0.000215	-11128.431
7950	3	1101	0.000222	0.000218	0.000033	-11125.646
7960	3	1110	0.000243	0.000239	0.000007	-11139.520
7970	4	1111	0.000328	0.000097	0.000090	0.000014	-11131.874
7980	3	1110	0.000301	0.000207	0.000088	-11119.850
7990	3	1110	0.000382	0.000294	0.000183	-11133.311
8000	4	1111	0.000450	0.000371	0.000296	0.000026	-11125.696
8010	3	1110	0.000366	0.000251	0.000136	-11133.656
8020	3	1110	0.000406	0.000264	0.000152	-11117.518
8030	3	1110	0.000355	0.000101	0.000027	-11121.421
8040	2	1100	0.000295	0.000073	-11130.222
8050	2	1100	0.000329	0.000053	-11118.483
8060	4	1111	0.000385	0.000051	0.000031	0.000019	-11130.391
8070	2	1100	0.000300	0.000096	-11124.442
8080	1	1000	0.000408	-11123.424
8090	1	1000	0.000351	-11126.599
8100	3	1110	0.000327	0.000031	0.000013	-11120.856
8110	1	1000	0.000367	-11114.166
8120	2	1100	0.000330	0.000014	-11142.627
8130	2	1100	0.000274	0.000126	-11127.042
8140	1	1000	0.000426	-11124.306
8150	2	1100	0.000458	0.000015	-11124.418
8160	1	1000	0.000530	-11140.659
8170	1	1000	0.000506	-11128.748
8180	2	1100	0.000378	0.000029	-11142.093
8190	2	1100	0.000351	0.000025	-11138.194
8200	2	1100	0.000366	0.000019	-11130.747
8210	3	1110	0.000369	0.000039	0.000008	-11124.298
8220	2	1100	0.000297	0.000015	-11119.584
8230	3	1110	0.000370	0.000086	0.000020	-11128.061
8240	3	1110	0.000370	0.000153	0.000123	-11120.349
8250	2	1100	0.000388	0.000333	-11126.293
8260	3	1110	0.000388	0.000326	0.000239	-11129.503
8270	3	1110	0.000420	0.000381	0.000295	-11132.223
8280	4	1111	0.000501	0.000481	0.000104	0.000034	-11143.398
8290	4	1111	0.000676	0.000646	0.000528	0.000034	-11129.368
8300	4	1111	0.000665	0.000571	0.000529	0.000033	-11128.263
8310	4	1111	0.000629	0.000376	0.000147	0.000050	-11127.002
8320	4	1111	0.000709	0.000333	0.000211	0.000246	-11145.628
8330	3	1110	0.000669	0.000301	0.000192	-11123.853
8340	2	1100	0.000565	0.000168	-11131.263
8350	3	1110	0.000506	0.000186	0.000176	-11125.928
8360	3	1110	0.000612	0.000203	0.000129	-11126.414
8370	3	1110	0.000577	0.000178	0.000143	-11132.436
8380	4	1111	0.000612	0.000272	0.000205	0.000010	-11140.270
8390	3	1110	0.000563	0.000501	0.000143	-11143.500
8400	2	1100	0.000627	0.000111	-11125.844
8410	2	1100	0.000755	0.000070	-11112.701
8420	3	1110	0.000417	0.000088	0.000080	-11130.529
8430	3	1110	0.000400	0.000109	0.000093	-11125.625
8440	3	1110	0.000401	0.000116	0.000109	-11128.384
8450	3	1110	0.000481	0.000140	0.000058	-11123.063
8460	3	1110	0.000504	0.000124	0.000105	-11119.716
8470	2	1100	0.000437	0.000132	-11129.107
8480	2	1100	0.000457	0.000273	-11137.018
8490	2	1100	0.000496	0.000174	-11125.552
8500	3	1110	0.000460	0.000376	0.000333	-11154.927
8510	3	1110	0.000562	0.000527	0.000381	-11150.898
8520	3	1110	0.000561	0.000251	0.000195	-11135.208
8530	3	1110	0.000543	0.000322	0.000163	-11136.426
8540	3	1110	0.000754	0.000394	0.000295	-11134.550
8550	3	1110	0.000545	0.000200	0.000094	-11129.014
8560	3	1110	0.000601	0.000353	0.000207	-11135.981
8570	3	1110	0.000744	0.000322	0.000264	-11145.138
8580	3	1110	0.000939	0.000352	0.000154	-11138.046
8590	3	1110	0.000783	0.000502	0.000147	-11150.743
8600	2	1100	0.000597	0.000208	-11129.558
8610	2	1100	0.000669	0.000127	-11115.912
8620	3	1110	0.000588	0.000144	0.000036	-11124.740
8630	4	1111	0.000819	0.000447	0.000222	0.000066	-11133.511
8640	3	1110	0.000802	0.000330	0.000093	-11130.664
8650	3	1110	0.000743	0.000321	0.000255	-11133.541
8660	3	1110	0.000785	0.000392	0.000266	-11130.758
8670	3	1110	0.000747	0.000198	0.000080	-11140.134
8680	2	1100	0.000625	0.000066	-11122.150
8690	3	1101	0.000810	0.000146	0.000013	-11127.238
8700	4	1111	0.000561	0.000074	0.000006	0.000006	-11121.285
8710	2	1100	0.000674	0.000118	-11133.348
8720	3	1110	0.000633	0.000058	0.000056	-11120.181
8730	3	1110	0.000707	0.000059	0.000037	-11128.805
8740	3	1110	0.000970	0.000087	0.000085	-11130.242
8750	3	1110	0.000726	0.000119	0.000117	-11146.258
8760	3	1110	0.000892	0.000059	0.000031	-11127.139
8770	2	1100	0.000755	0.000143	-11133.095
8780	3	1110	0.000785	0.000144	0.000003	-11116.941
8790	3	1110	0.000962	0.000119	0.000117	-11127.488
8800	3	1110	0.001183	0.000148	0.000085	-11129.390
8810	2	1100	0.001246	0.000058	-11114.567
8820	2	1100	0.001173	0.000088	-11129.194
8830	3	1110	0.000949	0.000163	0.000137	-11121.275
8840	3	1110	0.001046	0.000167	0.000149	-11129.106
8850	3	1110	0.001385	0.000239	0.000137	-11135.063
8860	2	1100	0.001497	0.000145	-11128.145
8870	2	1100	0.001733	0.000141	-11141.931
8880	2	1100	0.001309	0.000113	-11147.211
8890	2	1100	0.001375	0.000088	-11140.945
8900	2	1100	0.001378	0.000157	-11134.596
8910	2	1100	0.001404	0.000086	-11129.951
8920	2	1100	0.001117	0.000145	-11126.076
8930	2	1100	0.001531	0.000101	-11134.701
8940	3	1110	0.001592	0.000072	0.000031	-11130.489
8950	2	1100	0.001229	0.000068	-11130.217
8960	3	1110	0.001249	0.000063	0.000051	-11128.036
8970	2	1100	0.001435	0.000094	-11132.502
8980	2	1100	0.001244	0.000097	-11128.174
8990	2	1100	0.001211	0.000108	-11131.730
9000	2	1100	0.001355	0.000125	-11125.241
9010	3	1110	0.001305	0.000144	0.000104	-11128.614
9020	3	1110	0.001134	0.000130	0.000109	-11137.245
9030	2	1100	0.000927	0.000059	-11141.380
9040	3	1110	0.001279	0.000083	0.000043	-11137.691
9050	3	1101	0.001282	0.000107	0.000008	-11137.749
9060	3	1101	0.001170	0.000107	0.000007	-11139.569
9070	2	1100	0.001171	0.000044	-11124.555
9080	2	1100	0.001440	0.000143	-11135.603
9090	3	1101	0.001172	0.000064	0.000012	-11139.206
9100	2	1100	0.001858	0.000058	-11129.706
9110	2	1100	0.001390	0.000050	-11137.182
9120	2	1100	0.001473	0.000037	-11139.630
9130	1	1000	0.001486	-11136.953
9140	1	1000	0.001423	-11137.672
9150	1	1000	0.001099	-11133.158
9160	1	1000	0.001566	-11137.907
9170	1	1000	0.001445	-11144.255
9180	1	1000	0.001476	-11144.323
9190	1	1000	0.001412	-11145.531
9200	1	1000	0.001710	-11135.857
9210	2	1100	0.001618	0.000012	-11132.210
9220	2	1100	0.001623	0.000013	-11140.384
9230	2	1100	0.001507	0.000012	-11136.778
9240	2	1100	0.001325	0.000008	-11134.480
9250	2	1100	0.001332	0.000006	-11139.370
9260	2	1100	0.001214	0.000003	-11132.029
9270	2	1100	0.001197	0.000004	-11139.590
9280	1	1000	0.001186	-11133.211
9290	1	1000	0.001232	-11140.546
9300	1	1000	0.001118	-11129.501
9310	1	1000	0.001448	-11129.051
9320	1	1000	0.001004	-11141.846
9330	1	1000	0.001102	-11141.942
9340	1	1000	0.000885	-11138.083
9350	1	1000	0.001002	-11150.446
9360	2	1100	0.000753	0.000026	-11141.624
9370	1	1000	0.001064	-11137.355
9380	1	1000	0.001023	-11125.803
9390	1	1000	0.001148	-11129.977
9400	1	1000	0.000907	-11126.919
9410	1	1000	0.000794	-11133.174
9420	2	1100	0.000895	0.000037	-11136.744
9430	2	1100	0.000902	0.000032	-11125.470
9440	2	1100	0.000721	0.000019	-11126.791
9450	2	1100	0.000908	0.000028	-11120.942
9460	1	1000	0.000918	-11125.582
9470	1	1000	0.000790	-11131.065
9480	1	1000	0.000742	-11123.159
9490	1	1000	0.000772	-11139.407
9500	1	1000	0.000607	-11132.288
9510	1	1000	0.000685	-11125.691
9520	1	1000	0.000813	-11123.290
9530	1	1000	0.000668	-11131.960
9540	1	1000	0.000968	-11124.622
9550	1	1000	0.000828	-11129.045
9560	1	1000	0.001153	-11122.996
9570	1	1000	0.000970	-11121.886
9580	1	1000	0.001121	-11122.150
9590	1	1000	0.000806	-11133.333
9600	1	1000	0.000884	-11138.860
9610	1	1000	0.001084	-11133.109
9620	1	1000	0.001431	-11130.566
9630	1	1000	0.001552	-11130.000
9640	1	1000	0.000874	-11132.848
9650	1	1000	0.000541	-11126.388
9660	1	1000	0.000746	-11121.578
9670	1	1000	0.000700	-11129.678
9680	1	1000	0.000630	-11129.368
9690	1	1000	0.000880	-11121.386
9700	1	1000	0.000850	-11129.503
9710	1	1000	0.000693	-11136.381
9720	1	1000	0.000596	-11123.249
9730	1	1000	0.000536	-11128.795
9740	1	1000	0.000487	-11132.922
9750	1	1000	0.000543	-11121.477
9760	1	1000	0.000605	-11116.429
9770	1	1000	0.000733	-11129.958
9780	1	1000	0.000917	-11138.224
9790	1	1000	0.000611	-11121.849
9800	1	1000	0.000527	-11124.305
9810	1	1000	0.000530	-11130.469
9820	1	1000	0.000433	-11126.665
9830	1	1000	0.000435	-11137.445
9840	1	1000	0.000405	-11139.164
9850	1	1000	0.000574	-11126.887
9860	1	1000	0.000775	-11117.671
9870	1	1000	0.000704	-11129.224
9880	1	1000	0.000634	-11126.762
9890	1	1000	0.000717	-11121.040
9900	2	1100	0.000747	0.000017	-11136.131
9910	2	1100	0.000363	0.000009	-11121.797
9920	2	1100	0.000503	0.000011	-11128.226
9930	2	1100	0.000479	0.000078	-11129.287
9940	1	1000	0.000643	-11124.284
9950	2	1100	0.000508	0.000003	-11122.874
9960	1	1000	0.000505	-11131.676
9970	1	1000	0.000688	-11131.303
9980	2	1100	0.000640	0.000181	-11127.187
9990	2	1100	0.000742	0.000128	-11131.703
10000	2	1100	0.000875	0.000204	-11129.045
