Gen	np	tree	tau_10L_casta_OR_Lost_PrairieL_casta_OR_School_CreekL_casta_WA_Taneum_CreekL_casta_OR_Marys_PeakL_casta_CA_West_Branch_Mill_CreekL_casta_CA_Mt_TamalpaisL_casta_CA_Soda_CreekL_casta_AK_KetchikanL_casta_AK_Prince_of_Wales_Island	tau_11L_casta_OR_Lost_PrairieL_casta_OR_School_CreekL_casta_WA_Taneum_CreekL_casta_OR_Marys_PeakL_casta_CA_West_Branch_Mill_CreekL_casta_CA_Mt_TamalpaisL_casta_CA_Soda_Creek	tau_12L_casta_OR_Lost_PrairieL_casta_OR_School_CreekL_casta_WA_Taneum_CreekL_casta_OR_Marys_Peak	tau_15L_casta_CA_West_Branch_Mill_CreekL_casta_CA_Mt_TamalpaisL_casta_CA_Soda_Creek	tau_17L_casta_AK_KetchikanL_casta_AK_Prince_of_Wales_Island	lnL
10	7	11110111	0.000488	0.000414	0.000398	0.000196	0.000343	0.000326	0.000019	-11822.597
20	6	11110110	0.000532	0.000460	0.000412	0.000197	0.000312	0.000278	-11816.311
30	7	11111110	0.000584	0.000505	0.000492	0.000154	0.000134	0.000391	0.000373	-11823.409
40	6	11110110	0.000494	0.000471	0.000394	0.000053	0.000400	0.000261	-11818.453
50	6	11110110	0.000401	0.000358	0.000300	0.000218	0.000347	0.000308	-11820.942
60	6	11110110	0.000495	0.000485	0.000481	0.000223	0.000424	0.000328	-11822.184
70	7	11111110	0.000450	0.000444	0.000437	0.000344	0.000296	0.000304	0.000197	-11825.459
80	7	11111110	0.000450	0.000439	0.000401	0.000143	0.000103	0.000370	0.000272	-11827.315
90	7	11111110	0.000447	0.000434	0.000301	0.000108	0.000079	0.000282	0.000278	-11830.600
100	7	11111110	0.000410	0.000366	0.000342	0.000158	0.000098	0.000324	0.000171	-11823.714
110	8	11111111	0.000462	0.000458	0.000310	0.000150	0.000135	0.000164	0.000082	0.000200	-11832.765
120	7	11111110	0.000505	0.000350	0.000306	0.000296	0.000228	0.000229	0.000154	-11812.814
130	7	11111110	0.000533	0.000394	0.000386	0.000313	0.000233	0.000305	0.000006	-11817.935
140	6	11111100	0.000565	0.000427	0.000425	0.000316	0.000133	0.000336	-11822.569
150	5	11110100	0.000458	0.000414	0.000308	0.000174	0.000344	-11824.645
160	7	11111110	0.000614	0.000543	0.000354	0.000304	0.000168	0.000155	0.000027	-11819.826
170	7	11111110	0.000567	0.000443	0.000389	0.000379	0.000372	0.000147	0.000026	-11835.432
180	6	11111100	0.000623	0.000550	0.000458	0.000433	0.000406	0.000318	-11832.024
190	7	11111110	0.000489	0.000472	0.000364	0.000274	0.000072	0.000297	0.000252	-11829.366
200	6	11110110	0.000513	0.000488	0.000437	0.000187	0.000277	0.000217	-11840.891
210	7	11111110	0.000567	0.000539	0.000440	0.000331	0.000132	0.000401	0.000306	-11823.776
220	7	11111110	0.000667	0.000617	0.000447	0.000436	0.000014	0.000526	0.000521	-11823.995
230	7	11111110	0.000592	0.000577	0.000397	0.000364	0.000200	0.000536	0.000293	-11844.572
240	6	11110110	0.000571	0.000525	0.000487	0.000268	0.000473	0.000466	-11834.119
250	7	11111110	0.000571	0.000529	0.000420	0.000359	0.000347	0.000480	0.000466	-11843.225
260	7	11111110	0.000735	0.000666	0.000484	0.000427	0.000407	0.000564	0.000480	-11847.267
270	7	11111110	0.000670	0.000615	0.000451	0.000436	0.000324	0.000555	0.000510	-11832.749
280	8	11111111	0.000804	0.000682	0.000487	0.000463	0.000069	0.000665	0.000652	0.000066	-11817.416
290	8	11111111	0.000707	0.000627	0.000478	0.000452	0.000437	0.000608	0.000541	0.000271	-11834.191
300	7	11111110	0.000632	0.000511	0.000393	0.000387	0.000376	0.000447	0.000220	-11820.949
310	8	11111111	0.000693	0.000620	0.000585	0.000522	0.000090	0.000473	0.000406	0.000064	-11829.991
320	8	11111111	0.000662	0.000624	0.000372	0.000345	0.000326	0.000495	0.000449	0.000211	-11828.541
330	7	11111110	0.000735	0.000577	0.000510	0.000406	0.000311	0.000440	0.000435	-11830.204
340	6	11110110	0.000901	0.000882	0.000804	0.000779	0.000689	0.000407	-11839.737
350	7	11111110	0.000773	0.000675	0.000662	0.000625	0.000106	0.000360	0.000308	-11818.576
360	7	11111110	0.000862	0.000793	0.000747	0.000733	0.000637	0.000398	0.000280	-11830.623
370	7	11111110	0.000777	0.000705	0.000694	0.000360	0.000321	0.000555	0.000335	-11818.458
380	8	11111111	0.000626	0.000579	0.000561	0.000318	0.000204	0.000392	0.000206	0.000248	-11817.343
390	8	11111111	0.000600	0.000547	0.000507	0.000297	0.000225	0.000404	0.000109	0.000177	-11821.507
400	8	11111111	0.000687	0.000622	0.000607	0.000380	0.000353	0.000532	0.000402	0.000156	-11818.628
410	8	11111111	0.000735	0.000600	0.000564	0.000556	0.000362	0.000580	0.000549	0.000678	-11822.363
420	8	11111111	0.000607	0.000527	0.000525	0.000466	0.000403	0.000504	0.000358	0.000574	-11825.537
430	8	11111111	0.000607	0.000523	0.000448	0.000351	0.000332	0.000470	0.000451	0.000524	-11830.483
440	8	11111111	0.000677	0.000608	0.000528	0.000295	0.000187	0.000596	0.000545	0.000457	-11833.096
450	7	11110111	0.000809	0.000717	0.000302	0.000151	0.000695	0.000566	0.000284	-11829.527
460	7	11110111	0.000634	0.000553	0.000321	0.000190	0.000489	0.000459	0.000253	-11834.199
470	7	11110111	0.000760	0.000755	0.000319	0.000288	0.000604	0.000379	0.000533	-11831.564
480	8	11111111	0.000595	0.000584	0.000247	0.000238	0.000180	0.000510	0.000390	0.000333	-11843.219
490	8	11111111	0.000672	0.000623	0.000279	0.000276	0.000054	0.000475	0.000346	0.000451	-11834.596
500	8	11111111	0.000756	0.000736	0.000315	0.000128	0.000019	0.000719	0.000283	0.000257	-11824.782
510	6	11110110	0.000830	0.000802	0.000309	0.000164	0.000691	0.000519	-11827.859
520	8	11111111	0.000860	0.000832	0.000705	0.000228	0.000074	0.000780	0.000378	0.000168	-11835.733
530	8	11111111	0.000830	0.000596	0.000476	0.000360	0.000251	0.000568	0.000547	0.000038	-11821.362
540	7	11111110	0.000921	0.000669	0.000634	0.000381	0.000300	0.000649	0.000419	-11825.955
550	8	11111111	0.000859	0.000697	0.000474	0.000466	0.000457	0.000397	0.000368	0.000037	-11826.121
560	7	11111110	0.000955	0.000572	0.000551	0.000533	0.000273	0.000436	0.000402	-11840.866
570	6	11110110	0.000830	0.000551	0.000508	0.000446	0.000519	0.000409	-11833.885
580	7	11110111	0.000824	0.000726	0.000546	0.000141	0.000661	0.000458	0.000192	-11827.436
590	6	11110110	0.000729	0.000624	0.000508	0.000087	0.000422	0.000376	-11823.581
600	5	11100110	0.000887	0.000764	0.000754	0.000702	0.000496	-11836.063
610	6	11110110	0.000770	0.000746	0.000654	0.000125	0.000607	0.000256	-11835.796
620	8	11111111	0.000680	0.000593	0.000489	0.000483	0.000097	0.000520	0.000260	0.000258	-11830.654
630	8	11111111	0.000690	0.000566	0.000551	0.000358	0.000294	0.000384	0.000349	0.000483	-11832.070
640	8	11111111	0.000690	0.000580	0.000543	0.000399	0.000307	0.000535	0.000457	0.000516	-11836.384
650	8	11111111	0.000728	0.000711	0.000586	0.000520	0.000317	0.000378	0.000359	0.000453	-11837.816
660	8	11111111	0.000687	0.000676	0.000444	0.000230	0.000211	0.000490	0.000444	0.000438	-11832.941
670	8	11111111	0.000625	0.000624	0.000558	0.000303	0.000279	0.000608	0.000525	0.000249	-11832.938
680	7	11110111	0.000595	0.000585	0.000431	0.000287	0.000546	0.000521	0.000316	-11830.672
690	7	11110111	0.000517	0.000496	0.000362	0.000172	0.000492	0.000357	0.000123	-11830.673
700	6	11100111	0.000642	0.000580	0.000421	0.000549	0.000473	0.000150	-11831.382
710	5	11100110	0.000756	0.000748	0.000279	0.000734	0.000550	-11827.218
720	6	11110110	0.000678	0.000672	0.000358	0.000041	0.000638	0.000612	-11831.309
730	6	11100111	0.000731	0.000729	0.000447	0.000705	0.000693	0.000380	-11844.561
740	6	11100111	0.000610	0.000606	0.000499	0.000585	0.000520	0.000091	-11845.471
750	7	11111110	0.000610	0.000591	0.000446	0.000320	0.000016	0.000519	0.000477	-11825.959
760	7	11111110	0.000623	0.000606	0.000471	0.000092	0.000062	0.000396	0.000386	-11826.912
770	7	11111110	0.000770	0.000762	0.000528	0.000149	0.000112	0.000547	0.000466	-11821.922
780	8	11111111	0.000705	0.000646	0.000426	0.000303	0.000266	0.000445	0.000306	0.000201	-11842.178
790	8	11111111	0.000588	0.000505	0.000391	0.000265	0.000057	0.000408	0.000358	0.000181	-11831.225
800	7	11111110	0.000696	0.000569	0.000462	0.000347	0.000338	0.000525	0.000424	-11823.032
810	7	11111110	0.000812	0.000704	0.000550	0.000422	0.000416	0.000399	0.000379	-11823.788
820	7	11111110	0.000768	0.000570	0.000568	0.000408	0.000399	0.000563	0.000506	-11821.590
830	6	11110110	0.000755	0.000525	0.000508	0.000171	0.000388	0.000242	-11824.054
840	7	11111110	0.000624	0.000491	0.000396	0.000372	0.000269	0.000455	0.000455	-11825.633
850	7	11111110	0.000685	0.000633	0.000540	0.000503	0.000475	0.000517	0.000499	-11815.134
860	7	11111110	0.000564	0.000521	0.000443	0.000383	0.000229	0.000472	0.000442	-11838.659
870	7	11111110	0.000667	0.000557	0.000524	0.000520	0.000255	0.000505	0.000486	-11828.125
880	7	11111110	0.000653	0.000533	0.000417	0.000304	0.000248	0.000496	0.000492	-11835.965
890	7	11111110	0.000586	0.000545	0.000476	0.000312	0.000249	0.000421	0.000208	-11838.167
900	7	11111110	0.000721	0.000640	0.000375	0.000131	0.000124	0.000593	0.000509	-11827.496
910	7	11111110	0.000641	0.000594	0.000308	0.000289	0.000067	0.000467	0.000327	-11837.461
920	7	11111110	0.000626	0.000510	0.000399	0.000272	0.000116	0.000377	0.000365	-11823.937
930	7	11111110	0.000617	0.000512	0.000349	0.000301	0.000138	0.000229	0.000050	-11834.316
940	7	11111110	0.000640	0.000591	0.000376	0.000209	0.000191	0.000389	0.000191	-11831.439
950	7	11111110	0.000558	0.000431	0.000365	0.000255	0.000245	0.000334	0.000293	-11826.598
960	7	11111110	0.000480	0.000370	0.000342	0.000101	0.000032	0.000252	0.000142	-11826.920
970	5	11100110	0.000393	0.000330	0.000301	0.000210	0.000123	-11812.214
980	8	11111111	0.000574	0.000465	0.000428	0.000154	0.000029	0.000132	0.000082	0.000166	-11824.769
990	5	11100110	0.000578	0.000538	0.000510	0.000389	0.000335	-11812.852
1000	6	11110110	0.000490	0.000437	0.000402	0.000045	0.000400	0.000262	-11816.269
1010	6	11110110	0.000499	0.000472	0.000409	0.000022	0.000463	0.000358	-11817.229
1020	6	11110110	0.000530	0.000459	0.000309	0.000161	0.000440	0.000272	-11817.811
1030	5	11100110	0.000596	0.000552	0.000150	0.000425	0.000332	-11833.300
1040	5	11100110	0.000696	0.000565	0.000459	0.000540	0.000206	-11819.420
1050	6	11100111	0.000807	0.000681	0.000598	0.000481	0.000277	0.000172	-11822.163
1060	6	11100111	0.000663	0.000512	0.000416	0.000433	0.000109	0.000414	-11811.729
1070	6	11100111	0.000594	0.000500	0.000333	0.000453	0.000172	0.000440	-11818.885
1080	8	11111111	0.000576	0.000418	0.000230	0.000124	0.000115	0.000328	0.000213	0.000425	-11827.014
1090	7	11110111	0.000748	0.000659	0.000508	0.000353	0.000407	0.000331	0.000293	-11829.607
1100	8	11111111	0.000701	0.000653	0.000543	0.000150	0.000113	0.000569	0.000275	0.000462	-11822.394
1110	7	11111101	0.000615	0.000582	0.000481	0.000439	0.000271	0.000369	0.000377	-11830.541
1120	8	11111111	0.000666	0.000637	0.000494	0.000377	0.000332	0.000564	0.000518	0.000505	-11816.393
1130	8	11111111	0.000520	0.000472	0.000362	0.000108	0.000015	0.000400	0.000258	0.000251	-11826.974
1140	8	11111111	0.000549	0.000524	0.000240	0.000126	0.000112	0.000246	0.000193	0.000429	-11827.871
1150	8	11111111	0.000549	0.000546	0.000332	0.000252	0.000152	0.000326	0.000115	0.000304	-11839.605
1160	6	11110110	0.000493	0.000467	0.000369	0.000154	0.000420	0.000368	-11823.505
1170	8	11111111	0.000483	0.000423	0.000198	0.000179	0.000014	0.000377	0.000131	0.000114	-11835.392
1180	5	11110100	0.000475	0.000466	0.000264	0.000188	0.000220	-11838.166
1190	6	11110110	0.000530	0.000389	0.000250	0.000153	0.000222	0.000157	-11828.144
1200	7	11111110	0.000520	0.000509	0.000075	0.000056	0.000011	0.000324	0.000317	-11819.887
1210	6	11110110	0.000434	0.000365	0.000058	0.000034	0.000273	0.000269	-11814.525
1220	5	11100110	0.000504	0.000490	0.000001	0.000475	0.000170	-11824.348
1230	4	11000110	0.000443	0.000363	0.000353	0.000296	-11819.347
1240	4	11000110	0.000567	0.000494	0.000437	0.000368	-11824.105
1250	5	11000111	0.000463	0.000412	0.000404	0.000236	0.000169	-11815.680
1260	5	11100110	0.000473	0.000417	0.000231	0.000318	0.000283	-11811.595
1270	5	11100110	0.000473	0.000406	0.000323	0.000176	0.000099	-11814.120
1280	6	11110110	0.000428	0.000375	0.000281	0.000009	0.000302	0.000194	-11807.469
1290	7	11111110	0.000387	0.000357	0.000341	0.000008	0.000005	0.000297	0.000063	-11821.842
1300	6	11110110	0.000473	0.000437	0.000399	0.000009	0.000424	0.000154	-11831.331
1310	5	11100110	0.000412	0.000385	0.000363	0.000272	0.000259	-11810.306
1320	6	11110110	0.000520	0.000442	0.000314	0.000056	0.000399	0.000186	-11820.889
1330	7	11111110	0.000520	0.000453	0.000407	0.000072	0.000039	0.000345	0.000310	-11823.867
1340	8	11111111	0.000531	0.000484	0.000362	0.000188	0.000124	0.000376	0.000346	0.000028	-11814.345
1350	7	11111110	0.000594	0.000453	0.000299	0.000242	0.000180	0.000444	0.000387	-11816.391
1360	7	11111110	0.000548	0.000491	0.000383	0.000336	0.000266	0.000377	0.000365	-11832.476
1370	8	11111111	0.000550	0.000539	0.000329	0.000197	0.000194	0.000455	0.000442	0.000204	-11822.076
1380	8	11111111	0.000392	0.000373	0.000333	0.000099	0.000087	0.000218	0.000203	0.000047	-11831.809
1390	7	11111110	0.000367	0.000342	0.000315	0.000108	0.000095	0.000241	0.000196	-11812.214
1400	8	11111111	0.000361	0.000342	0.000310	0.000296	0.000114	0.000266	0.000215	0.000032	-11810.736
1410	7	11111110	0.000321	0.000307	0.000276	0.000245	0.000184	0.000248	0.000243	-11812.779
1420	7	11111110	0.000277	0.000241	0.000207	0.000163	0.000141	0.000223	0.000210	-11818.258
1430	7	11111110	0.000362	0.000309	0.000227	0.000184	0.000121	0.000296	0.000284	-11834.094
1440	7	11111110	0.000312	0.000280	0.000216	0.000197	0.000193	0.000267	0.000196	-11816.099
1450	6	11110110	0.000297	0.000294	0.000211	0.000198	0.000230	0.000217	-11831.971
1460	7	11111110	0.000351	0.000332	0.000243	0.000220	0.000075	0.000301	0.000126	-11818.107
1470	7	11111110	0.000344	0.000311	0.000228	0.000216	0.000028	0.000302	0.000182	-11814.610
1480	7	11111110	0.000375	0.000358	0.000267	0.000235	0.000043	0.000245	0.000184	-11822.442
1490	7	11111110	0.000343	0.000335	0.000230	0.000188	0.000134	0.000244	0.000195	-11830.018
1500	7	11111110	0.000307	0.000297	0.000214	0.000160	0.000101	0.000193	0.000111	-11822.187
1510	6	11110110	0.000323	0.000317	0.000248	0.000175	0.000243	0.000163	-11809.261
1520	7	11111110	0.000365	0.000339	0.000293	0.000255	0.000138	0.000297	0.000166	-11827.555
1530	7	11111110	0.000411	0.000397	0.000321	0.000211	0.000059	0.000347	0.000124	-11820.304
1540	7	11111110	0.000397	0.000365	0.000295	0.000249	0.000120	0.000335	0.000073	-11840.280
1550	7	11111110	0.000402	0.000397	0.000305	0.000157	0.000132	0.000356	0.000178	-11806.664
1560	8	11111111	0.000404	0.000386	0.000377	0.000295	0.000132	0.000383	0.000263	0.000205	-11836.124
1570	8	11111111	0.000351	0.000341	0.000196	0.000065	0.000027	0.000335	0.000188	0.000078	-11807.063
1580	8	11111111	0.000413	0.000389	0.000363	0.000239	0.000149	0.000329	0.000224	0.000001	-11810.950
1590	8	11111111	0.000432	0.000391	0.000318	0.000226	0.000145	0.000313	0.000152	0.000001	-11832.398
1600	7	11111110	0.000446	0.000405	0.000356	0.000246	0.000203	0.000242	0.000209	-11836.318
1610	7	11111110	0.000511	0.000471	0.000409	0.000228	0.000163	0.000369	0.000288	-11817.075
1620	6	11110110	0.000581	0.000557	0.000525	0.000118	0.000547	0.000345	-11831.901
1630	6	11110110	0.000610	0.000605	0.000538	0.000104	0.000532	0.000428	-11836.862
1640	6	11110110	0.000547	0.000490	0.000385	0.000225	0.000434	0.000370	-11818.694
1650	8	11111111	0.000629	0.000596	0.000495	0.000340	0.000280	0.000577	0.000494	0.000013	-11822.690
1660	7	11111110	0.000534	0.000510	0.000391	0.000353	0.000318	0.000496	0.000483	-11825.525
1670	7	11111110	0.000588	0.000572	0.000497	0.000462	0.000337	0.000499	0.000394	-11837.620
1680	7	11111110	0.000418	0.000417	0.000345	0.000274	0.000064	0.000356	0.000297	-11822.369
1690	7	11111110	0.000583	0.000580	0.000525	0.000440	0.000343	0.000574	0.000550	-11830.000
1700	7	11111110	0.000588	0.000572	0.000555	0.000455	0.000418	0.000571	0.000555	-11822.344
1710	7	11111110	0.000660	0.000632	0.000573	0.000490	0.000469	0.000630	0.000623	-11836.441
1720	7	11111110	0.000661	0.000651	0.000628	0.000491	0.000471	0.000644	0.000624	-11838.249
1730	7	11111110	0.000667	0.000663	0.000648	0.000581	0.000504	0.000593	0.000405	-11833.388
1740	7	11111110	0.000566	0.000536	0.000515	0.000353	0.000291	0.000522	0.000507	-11838.159
1750	7	11111110	0.000566	0.000537	0.000526	0.000238	0.000149	0.000519	0.000511	-11830.874
1760	7	11111110	0.000566	0.000538	0.000530	0.000331	0.000209	0.000520	0.000511	-11818.898
1770	7	11111110	0.000678	0.000637	0.000601	0.000330	0.000315	0.000633	0.000613	-11822.537
1780	7	11111110	0.000589	0.000550	0.000532	0.000293	0.000273	0.000546	0.000532	-11826.808
1790	7	11111110	0.000589	0.000550	0.000535	0.000288	0.000230	0.000545	0.000236	-11835.424
1800	8	11111111	0.000612	0.000562	0.000524	0.000486	0.000384	0.000541	0.000373	0.000046	-11831.355
1810	8	11111111	0.000601	0.000567	0.000479	0.000360	0.000191	0.000504	0.000430	0.000081	-11833.601
1820	7	11111110	0.000669	0.000554	0.000533	0.000355	0.000288	0.000437	0.000267	-11816.543
1830	7	11111110	0.000586	0.000452	0.000434	0.000280	0.000173	0.000345	0.000311	-11835.761
1840	7	11111110	0.000768	0.000619	0.000512	0.000492	0.000455	0.000611	0.000533	-11829.259
1850	7	11111110	0.000762	0.000630	0.000351	0.000280	0.000124	0.000555	0.000553	-11828.564
1860	7	11111110	0.000781	0.000601	0.000421	0.000313	0.000259	0.000553	0.000504	-11835.672
1870	8	11111111	0.000609	0.000521	0.000422	0.000330	0.000315	0.000472	0.000396	0.000139	-11828.123
1880	8	11111111	0.000663	0.000594	0.000514	0.000302	0.000033	0.000447	0.000256	0.000229	-11826.854
1890	7	11110111	0.000651	0.000619	0.000560	0.000373	0.000438	0.000319	0.000110	-11831.198
1900	6	11110110	0.000737	0.000726	0.000371	0.000158	0.000560	0.000439	-11841.833
1910	7	11111110	0.000637	0.000621	0.000292	0.000101	0.000059	0.000600	0.000520	-11838.431
1920	7	11110111	0.000597	0.000579	0.000105	0.000086	0.000529	0.000493	0.000247	-11830.972
1930	7	11110111	0.000736	0.000561	0.000330	0.000309	0.000469	0.000438	0.000172	-11829.743
1940	8	11111111	0.000888	0.000601	0.000558	0.000456	0.000044	0.000597	0.000560	0.000211	-11823.267
1950	7	11110111	0.001016	0.000682	0.000648	0.000163	0.000676	0.000632	0.000620	-11827.945
1960	8	11111111	0.000938	0.000629	0.000360	0.000272	0.000233	0.000587	0.000514	0.000231	-11826.761
1970	8	11111111	0.000869	0.000685	0.000401	0.000341	0.000164	0.000604	0.000195	0.000277	-11817.414
1980	8	11111111	0.000790	0.000663	0.000434	0.000276	0.000163	0.000597	0.000556	0.000401	-11830.113
1990	6	11110110	0.000725	0.000630	0.000551	0.000407	0.000597	0.000524	-11821.525
2000	6	11100111	0.000805	0.000674	0.000614	0.000590	0.000296	0.000191	-11818.890
2010	7	11110111	0.000677	0.000536	0.000460	0.000001	0.000392	0.000347	0.000252	-11837.218
2020	7	11110111	0.000784	0.000720	0.000655	0.000223	0.000507	0.000250	0.000375	-11816.324
2030	7	11110111	0.000596	0.000496	0.000341	0.000314	0.000453	0.000444	0.000354	-11823.087
2040	8	11111111	0.000600	0.000513	0.000375	0.000365	0.000140	0.000472	0.000406	0.000476	-11814.920
2050	8	11111111	0.000581	0.000474	0.000367	0.000353	0.000340	0.000468	0.000456	0.000208	-11817.906
2060	8	11111111	0.000496	0.000404	0.000333	0.000323	0.000169	0.000393	0.000390	0.000251	-11821.583
2070	7	11110111	0.000589	0.000560	0.000429	0.000104	0.000500	0.000466	0.000368	-11831.148
2080	6	11100111	0.000612	0.000577	0.000510	0.000501	0.000490	0.000298	-11827.048
2090	7	11110111	0.000566	0.000548	0.000365	0.000029	0.000424	0.000369	0.000155	-11818.843
2100	8	11111111	0.000614	0.000568	0.000486	0.000055	0.000019	0.000462	0.000414	0.000331	-11826.437
2110	6	11100111	0.000555	0.000423	0.000129	0.000377	0.000374	0.000272	-11817.419
2120	6	11100111	0.000555	0.000454	0.000024	0.000448	0.000404	0.000166	-11812.107
2130	4	11000110	0.000467	0.000442	0.000415	0.000344	-11831.336
2140	5	11100110	0.000610	0.000562	0.000261	0.000400	0.000340	-11827.643
2150	5	11100110	0.000581	0.000452	0.000273	0.000288	0.000248	-11817.447
2160	6	11100111	0.000550	0.000514	0.000163	0.000250	0.000193	0.000038	-11821.033
2170	5	11100110	0.000528	0.000513	0.000188	0.000396	0.000392	-11825.763
2180	5	11100110	0.000588	0.000580	0.000057	0.000461	0.000442	-11815.238
2190	5	11100110	0.000401	0.000391	0.000208	0.000356	0.000283	-11826.508
2200	5	11100110	0.000453	0.000451	0.000356	0.000379	0.000110	-11822.490
2210	5	11100110	0.000510	0.000480	0.000373	0.000388	0.000160	-11811.795
2220	5	11100110	0.000567	0.000557	0.000413	0.000447	0.000335	-11820.159
2230	5	11100110	0.000479	0.000472	0.000425	0.000325	0.000256	-11827.062
2240	5	11100110	0.000633	0.000581	0.000328	0.000441	0.000320	-11821.525
2250	6	11110110	0.000604	0.000546	0.000421	0.000183	0.000348	0.000345	-11825.936
2260	5	11100110	0.000500	0.000408	0.000348	0.000359	0.000287	-11835.559
2270	5	11100110	0.000484	0.000396	0.000194	0.000350	0.000190	-11831.036
2280	5	11100110	0.000457	0.000353	0.000180	0.000276	0.000166	-11823.914
2290	6	11100111	0.000651	0.000609	0.000471	0.000514	0.000464	0.000031	-11823.906
2300	5	11100110	0.000710	0.000544	0.000478	0.000487	0.000453	-11828.845
2310	5	11100110	0.000575	0.000504	0.000352	0.000400	0.000400	-11826.690
2320	7	11111110	0.000575	0.000551	0.000250	0.000164	0.000131	0.000415	0.000400	-11823.322
2330	6	11110110	0.000528	0.000452	0.000309	0.000123	0.000372	0.000302	-11810.620
2340	7	11111110	0.000600	0.000515	0.000342	0.000229	0.000038	0.000376	0.000360	-11828.887
2350	6	11110110	0.000573	0.000549	0.000256	0.000152	0.000447	0.000212	-11829.647
2360	7	11110111	0.000615	0.000572	0.000516	0.000322	0.000278	0.000206	0.000190	-11818.612
2370	8	11111111	0.000615	0.000605	0.000544	0.000386	0.000285	0.000500	0.000206	0.000192	-11817.496
2380	8	11111111	0.000501	0.000500	0.000394	0.000237	0.000182	0.000485	0.000446	0.000132	-11819.857
2390	8	11111111	0.000620	0.000616	0.000315	0.000311	0.000073	0.000559	0.000388	0.000206	-11821.829
2400	8	11111111	0.000629	0.000612	0.000352	0.000351	0.000259	0.000400	0.000128	0.000130	-11830.394
2410	8	11111111	0.000709	0.000683	0.000446	0.000321	0.000191	0.000334	0.000276	0.000044	-11805.965
2420	6	11110110	0.000685	0.000361	0.000314	0.000143	0.000332	0.000248	-11814.859
2430	7	11111110	0.000685	0.000354	0.000247	0.000221	0.000203	0.000316	0.000312	-11825.769
2440	7	11111110	0.000621	0.000311	0.000248	0.000221	0.000148	0.000207	0.000155	-11824.799
2450	7	11111110	0.000628	0.000466	0.000223	0.000210	0.000129	0.000386	0.000129	-11821.245
2460	7	11111110	0.000498	0.000426	0.000323	0.000297	0.000234	0.000400	0.000244	-11817.622
2470	8	11111111	0.000654	0.000513	0.000458	0.000237	0.000186	0.000511	0.000316	0.000111	-11822.129
2480	7	11111110	0.000680	0.000538	0.000438	0.000395	0.000353	0.000437	0.000320	-11818.560
2490	8	11111111	0.000604	0.000419	0.000416	0.000347	0.000313	0.000339	0.000308	0.000239	-11811.723
2500	7	11110111	0.000631	0.000467	0.000411	0.000046	0.000377	0.000239	0.000189	-11825.477
2510	6	11110110	0.000645	0.000591	0.000579	0.000327	0.000518	0.000306	-11824.881
2520	8	11111111	0.000629	0.000463	0.000421	0.000370	0.000077	0.000456	0.000384	0.000444	-11822.417
2530	8	11111111	0.000604	0.000444	0.000416	0.000195	0.000121	0.000420	0.000402	0.000340	-11829.042
2540	8	11111111	0.000658	0.000579	0.000468	0.000339	0.000159	0.000541	0.000345	0.000366	-11823.498
2550	8	11111111	0.000604	0.000591	0.000225	0.000169	0.000137	0.000533	0.000467	0.000237	-11835.694
2560	8	11111111	0.000618	0.000598	0.000389	0.000195	0.000182	0.000571	0.000311	0.000084	-11837.068
2570	7	11111110	0.000459	0.000455	0.000186	0.000134	0.000090	0.000356	0.000149	-11822.785
2580	6	11110110	0.000395	0.000379	0.000307	0.000278	0.000291	0.000220	-11818.402
2590	8	11111111	0.000474	0.000456	0.000213	0.000089	0.000047	0.000346	0.000216	0.000132	-11819.024
2600	8	11111111	0.000392	0.000359	0.000154	0.000146	0.000106	0.000331	0.000304	0.000154	-11827.100
2610	8	11111111	0.000378	0.000346	0.000148	0.000148	0.000030	0.000336	0.000039	0.000239	-11830.456
2620	8	11111111	0.000328	0.000315	0.000136	0.000101	0.000061	0.000304	0.000269	0.000091	-11828.217
2630	8	11111111	0.000386	0.000322	0.000195	0.000154	0.000020	0.000313	0.000091	0.000025	-11819.941
2640	7	11110111	0.000416	0.000378	0.000243	0.000215	0.000343	0.000101	0.000026	-11833.760
2650	7	11111101	0.000437	0.000370	0.000260	0.000236	0.000088	0.000353	0.000076	-11821.905
2660	7	11111110	0.000437	0.000369	0.000315	0.000247	0.000231	0.000365	0.000038	-11813.593
2670	8	11111111	0.000403	0.000340	0.000288	0.000271	0.000094	0.000337	0.000009	0.000005	-11825.899
2680	6	11110110	0.000355	0.000300	0.000192	0.000191	0.000270	0.000050	-11815.614
2690	8	11111111	0.000403	0.000360	0.000113	0.000075	0.000057	0.000343	0.000334	0.000061	-11808.887
2700	7	11111110	0.000322	0.000273	0.000090	0.000055	0.000003	0.000266	0.000243	-11821.448
2710	7	11111110	0.000287	0.000250	0.000147	0.000118	0.000100	0.000240	0.000219	-11824.671
2720	5	11100110	0.000373	0.000338	0.000294	0.000320	0.000280	-11821.195
2730	7	11110111	0.000400	0.000344	0.000289	0.000088	0.000312	0.000153	0.000013	-11817.167
2740	6	11100111	0.000383	0.000334	0.000251	0.000304	0.000176	0.000012	-11811.053
2750	5	11100110	0.000438	0.000372	0.000320	0.000325	0.000208	-11810.015
2760	5	11100110	0.000486	0.000415	0.000213	0.000385	0.000271	-11820.981
2770	5	11100110	0.000513	0.000356	0.000257	0.000336	0.000330	-11805.334
2780	5	11100110	0.000494	0.000397	0.000352	0.000366	0.000283	-11823.906
2790	6	11110110	0.000530	0.000484	0.000412	0.000289	0.000472	0.000342	-11829.669
2800	5	11100110	0.000524	0.000441	0.000160	0.000429	0.000314	-11825.362
2810	6	11110110	0.000452	0.000418	0.000326	0.000214	0.000398	0.000329	-11832.727
2820	6	11110110	0.000561	0.000552	0.000491	0.000065	0.000515	0.000444	-11828.048
2830	7	11111110	0.000505	0.000453	0.000264	0.000170	0.000119	0.000438	0.000400	-11832.562
2840	6	11110110	0.000496	0.000456	0.000378	0.000309	0.000408	0.000278	-11818.975
2850	6	11110110	0.000551	0.000499	0.000464	0.000400	0.000491	0.000429	-11824.038
2860	7	11111110	0.000614	0.000482	0.000346	0.000043	0.000029	0.000441	0.000399	-11817.808
2870	7	11111110	0.000555	0.000369	0.000115	0.000037	0.000036	0.000337	0.000233	-11820.886
2880	8	11111111	0.000592	0.000506	0.000456	0.000075	0.000021	0.000345	0.000305	0.000186	-11821.848
2890	8	11111111	0.000555	0.000530	0.000461	0.000093	0.000042	0.000509	0.000167	0.000371	-11817.234
2900	8	11111111	0.000562	0.000505	0.000468	0.000396	0.000272	0.000484	0.000306	0.000171	-11816.572
2910	8	11111111	0.000506	0.000402	0.000267	0.000233	0.000221	0.000397	0.000364	0.000218	-11818.424
2920	8	11111111	0.000651	0.000620	0.000598	0.000256	0.000092	0.000570	0.000526	0.000151	-11829.169
2930	8	11111111	0.000542	0.000501	0.000498	0.000191	0.000053	0.000496	0.000489	0.000179	-11823.783
2940	5	11100110	0.000542	0.000501	0.000498	0.000497	0.000491	-11823.899
2950	6	11110110	0.000680	0.000644	0.000625	0.000089	0.000635	0.000617	-11812.370
2960	7	11111110	0.000565	0.000528	0.000417	0.000345	0.000048	0.000526	0.000512	-11823.310
2970	6	11110110	0.000565	0.000528	0.000241	0.000069	0.000519	0.000517	-11826.235
2980	7	11110111	0.000528	0.000505	0.000147	0.000019	0.000504	0.000484	0.000263	-11836.818
2990	6	11100111	0.000565	0.000521	0.000372	0.000521	0.000517	0.000439	-11814.213
3000	7	11110111	0.000792	0.000731	0.000270	0.000115	0.000725	0.000725	0.000428	-11826.711
3010	8	11111111	0.000625	0.000568	0.000521	0.000279	0.000202	0.000510	0.000506	0.000196	-11827.390
3020	8	11111111	0.000693	0.000619	0.000585	0.000495	0.000455	0.000584	0.000555	0.000182	-11831.669
3030	7	11110111	0.000540	0.000452	0.000401	0.000352	0.000446	0.000106	0.000313	-11817.452
3040	8	11111111	0.000584	0.000490	0.000475	0.000373	0.000080	0.000450	0.000231	0.000395	-11824.825
3050	8	11111111	0.000540	0.000447	0.000435	0.000312	0.000098	0.000408	0.000044	0.000436	-11827.014
3060	8	11111111	0.000585	0.000510	0.000482	0.000409	0.000353	0.000455	0.000424	0.000275	-11832.984
3070	8	11111111	0.000544	0.000486	0.000421	0.000248	0.000207	0.000409	0.000396	0.000224	-11823.542
3080	8	11111111	0.000632	0.000605	0.000585	0.000320	0.000256	0.000579	0.000509	0.000162	-11831.775
3090	8	11111111	0.000706	0.000665	0.000626	0.000341	0.000314	0.000654	0.000601	0.000114	-11829.664
3100	8	11111111	0.000706	0.000699	0.000527	0.000416	0.000361	0.000609	0.000384	0.000566	-11829.352
3110	8	11111111	0.000678	0.000651	0.000535	0.000353	0.000244	0.000522	0.000120	0.000439	-11822.704
3120	7	11111101	0.000677	0.000396	0.000357	0.000306	0.000255	0.000296	0.000464	-11830.255
3130	7	11111101	0.000842	0.000634	0.000508	0.000332	0.000317	0.000143	0.000304	-11828.647
3140	5	11111000	0.000702	0.000506	0.000449	0.000294	0.000274	-11828.052
3150	5	11111000	0.000725	0.000644	0.000532	0.000516	0.000136	-11819.458
3160	5	11111000	0.000787	0.000535	0.000440	0.000342	0.000334	-11827.921
3170	6	11111100	0.000750	0.000397	0.000358	0.000318	0.000315	0.000108	-11824.722
3180	6	11111100	0.000757	0.000370	0.000356	0.000178	0.000176	0.000164	-11824.429
3190	6	11110110	0.000723	0.000466	0.000446	0.000095	0.000420	0.000067	-11830.786
3200	6	11110110	0.000648	0.000525	0.000486	0.000108	0.000518	0.000255	-11812.507
3210	7	11111110	0.000614	0.000408	0.000370	0.000060	0.000041	0.000320	0.000257	-11813.296
3220	7	11111110	0.000610	0.000423	0.000376	0.000362	0.000333	0.000281	0.000255	-11817.037
3230	7	11111110	0.000630	0.000462	0.000421	0.000364	0.000331	0.000369	0.000339	-11826.266
3240	8	11111111	0.000522	0.000464	0.000434	0.000319	0.000270	0.000333	0.000250	0.000311	-11825.355
3250	8	11111111	0.000504	0.000461	0.000272	0.000210	0.000183	0.000339	0.000237	0.000286	-11833.929
3260	8	11111111	0.000594	0.000434	0.000344	0.000210	0.000187	0.000288	0.000225	0.000235	-11827.279
3270	8	11111111	0.000535	0.000501	0.000449	0.000224	0.000198	0.000259	0.000225	0.000209	-11816.088
3280	8	11111111	0.000546	0.000526	0.000467	0.000204	0.000203	0.000308	0.000111	0.000401	-11822.557
3290	7	11111101	0.000479	0.000473	0.000470	0.000397	0.000344	0.000236	0.000333	-11819.136
3300	8	11111111	0.000544	0.000544	0.000522	0.000408	0.000376	0.000418	0.000180	0.000188	-11817.128
3310	7	11111110	0.000580	0.000573	0.000479	0.000439	0.000398	0.000292	0.000290	-11822.530
3320	8	11111111	0.000508	0.000422	0.000375	0.000285	0.000088	0.000379	0.000322	0.000062	-11817.022
3330	8	11111111	0.000588	0.000567	0.000446	0.000419	0.000200	0.000462	0.000427	0.000186	-11830.665
3340	8	11111111	0.000555	0.000530	0.000423	0.000388	0.000371	0.000462	0.000143	0.000295	-11817.998
3350	8	11111111	0.000596	0.000491	0.000445	0.000439	0.000397	0.000476	0.000261	0.000147	-11819.026
3360	8	11111111	0.000558	0.000520	0.000447	0.000346	0.000339	0.000508	0.000432	0.000317	-11831.613
3370	8	11111111	0.000665	0.000605	0.000480	0.000466	0.000135	0.000587	0.000432	0.000281	-11823.252
3380	7	11111110	0.000510	0.000471	0.000394	0.000319	0.000306	0.000379	0.000358	-11824.491
3390	7	11111110	0.000529	0.000505	0.000412	0.000313	0.000116	0.000428	0.000346	-11831.689
3400	7	11111110	0.000620	0.000591	0.000591	0.000470	0.000389	0.000523	0.000486	-11827.039
3410	7	11111110	0.000515	0.000497	0.000460	0.000374	0.000369	0.000487	0.000416	-11824.641
3420	7	11111110	0.000516	0.000500	0.000494	0.000358	0.000307	0.000452	0.000448	-11823.062
3430	7	11111110	0.000516	0.000516	0.000513	0.000348	0.000287	0.000462	0.000461	-11819.807
3440	7	11111110	0.000503	0.000495	0.000466	0.000388	0.000345	0.000489	0.000434	-11833.786
3450	7	11111110	0.000509	0.000499	0.000489	0.000330	0.000317	0.000480	0.000439	-11816.545
3460	7	11111110	0.000494	0.000480	0.000465	0.000296	0.000064	0.000479	0.000425	-11831.531
3470	8	11111111	0.000551	0.000511	0.000489	0.000392	0.000358	0.000350	0.000259	0.000313	-11822.683
3480	8	11111111	0.000688	0.000608	0.000519	0.000429	0.000201	0.000587	0.000393	0.000535	-11829.711
3490	8	11111111	0.000636	0.000521	0.000472	0.000346	0.000304	0.000497	0.000451	0.000422	-11836.064
3500	8	11111111	0.000740	0.000542	0.000497	0.000332	0.000242	0.000518	0.000487	0.000577	-11825.605
3510	8	11111111	0.000605	0.000443	0.000392	0.000280	0.000184	0.000408	0.000388	0.000229	-11839.212
3520	8	11111111	0.000596	0.000487	0.000350	0.000318	0.000246	0.000431	0.000395	0.000346	-11828.717
3530	8	11111111	0.000557	0.000440	0.000256	0.000216	0.000116	0.000393	0.000337	0.000395	-11815.061
3540	8	11111111	0.000557	0.000511	0.000318	0.000289	0.000145	0.000508	0.000361	0.000378	-11828.291
3550	8	11111111	0.000683	0.000651	0.000384	0.000382	0.000206	0.000647	0.000514	0.000359	-11815.736
3560	6	11110110	0.000683	0.000541	0.000369	0.000365	0.000523	0.000473	-11816.847
3570	7	11111110	0.000562	0.000484	0.000355	0.000348	0.000206	0.000427	0.000388	-11824.091
3580	7	11111110	0.000680	0.000460	0.000430	0.000376	0.000301	0.000415	0.000388	-11828.685
3590	7	11111110	0.000643	0.000505	0.000416	0.000372	0.000354	0.000433	0.000327	-11828.121
3600	7	11111110	0.000767	0.000729	0.000614	0.000522	0.000450	0.000547	0.000327	-11816.826
3610	7	11111110	0.000867	0.000712	0.000623	0.000581	0.000546	0.000711	0.000512	-11823.470
3620	7	11111110	0.000848	0.000725	0.000627	0.000614	0.000595	0.000675	0.000400	-11827.622
3630	8	11111111	0.000873	0.000814	0.000593	0.000576	0.000563	0.000785	0.000738	0.000315	-11839.029
3640	8	11111111	0.000737	0.000641	0.000491	0.000489	0.000487	0.000522	0.000467	0.000397	-11847.659
3650	8	11111111	0.000760	0.000624	0.000536	0.000505	0.000502	0.000415	0.000395	0.000420	-11838.133
3660	7	11111110	0.000769	0.000524	0.000512	0.000467	0.000465	0.000362	0.000187	-11833.300
3670	7	11111110	0.000683	0.000480	0.000446	0.000430	0.000413	0.000305	0.000247	-11827.296
3680	7	11111110	0.000839	0.000570	0.000561	0.000531	0.000507	0.000421	0.000220	-11844.152
3690	7	11111110	0.000824	0.000647	0.000571	0.000540	0.000103	0.000577	0.000490	-11822.697
3700	7	11111110	0.000796	0.000589	0.000559	0.000494	0.000450	0.000529	0.000379	-11838.069
3710	7	11111110	0.000796	0.000593	0.000572	0.000398	0.000355	0.000544	0.000289	-11837.626
3720	7	11111110	0.000897	0.000755	0.000570	0.000525	0.000346	0.000571	0.000342	-11835.820
3730	7	11111110	0.000771	0.000609	0.000573	0.000549	0.000520	0.000460	0.000421	-11828.997
3740	7	11111110	0.000936	0.000726	0.000715	0.000699	0.000664	0.000574	0.000483	-11831.045
3750	7	11111110	0.000876	0.000793	0.000738	0.000709	0.000246	0.000691	0.000219	-11839.153
3760	8	11111111	0.000702	0.000656	0.000592	0.000575	0.000364	0.000637	0.000528	0.000226	-11827.222
3770	8	11111111	0.000616	0.000558	0.000478	0.000439	0.000420	0.000517	0.000458	0.000275	-11825.220
3780	8	11111111	0.000704	0.000630	0.000620	0.000498	0.000456	0.000592	0.000584	0.000312	-11824.607
3790	8	11111111	0.000545	0.000484	0.000445	0.000404	0.000350	0.000366	0.000320	0.000089	-11827.706
3800	8	11111111	0.000591	0.000557	0.000500	0.000447	0.000310	0.000532	0.000271	0.000142	-11830.359
3810	8	11111111	0.000604	0.000579	0.000575	0.000479	0.000461	0.000560	0.000473	0.000284	-11837.861
3820	8	11111111	0.000546	0.000537	0.000476	0.000472	0.000443	0.000515	0.000511	0.000114	-11829.683
3830	7	11111110	0.000570	0.000555	0.000520	0.000464	0.000265	0.000551	0.000539	-11831.382
3840	8	11111111	0.000612	0.000580	0.000513	0.000480	0.000462	0.000577	0.000513	0.000064	-11826.746
3850	8	11111111	0.000538	0.000508	0.000474	0.000373	0.000356	0.000393	0.000376	0.000028	-11826.180
3860	7	11110111	0.000533	0.000465	0.000433	0.000200	0.000414	0.000316	0.000155	-11832.808
3870	8	11111111	0.000581	0.000486	0.000471	0.000269	0.000087	0.000482	0.000058	0.000164	-11831.671
3880	6	11100111	0.000581	0.000542	0.000538	0.000528	0.000227	0.000097	-11828.031
3890	7	11110111	0.000664	0.000616	0.000608	0.000057	0.000604	0.000203	0.000319	-11820.354
3900	5	11100110	0.000516	0.000512	0.000473	0.000463	0.000424	-11827.544
3910	5	11100110	0.000505	0.000504	0.000457	0.000450	0.000440	-11821.461
3920	5	11100110	0.000482	0.000475	0.000186	0.000445	0.000267	-11842.067
3930	4	11000110	0.000420	0.000418	0.000417	0.000338	-11825.270
3940	5	11000111	0.000476	0.000471	0.000385	0.000266	0.000077	-11821.011
3950	4	11000110	0.000399	0.000384	0.000383	0.000272	-11827.290
3960	4	11000110	0.000350	0.000342	0.000290	0.000272	-11821.572
3970	5	11000111	0.000425	0.000403	0.000388	0.000211	0.000021	-11819.502
3980	5	11100110	0.000486	0.000431	0.000036	0.000261	0.000149	-11825.390
3990	4	11000110	0.000454	0.000417	0.000284	0.000192	-11821.147
4000	4	11000110	0.000430	0.000416	0.000190	0.000154	-11813.099
4010	5	11000111	0.000473	0.000440	0.000277	0.000224	0.000273	-11822.095
4020	4	11000110	0.000460	0.000358	0.000296	0.000078	-11819.420
4030	5	11000111	0.000432	0.000324	0.000309	0.000140	0.000272	-11819.227
4040	4	11000110	0.000437	0.000334	0.000218	0.000041	-11814.176
4050	4	11100100	0.000511	0.000386	0.000316	0.000170	-11803.764
4060	7	11110111	0.000425	0.000294	0.000141	0.000015	0.000265	0.000244	0.000087	-11814.381
4070	6	11100111	0.000359	0.000315	0.000152	0.000299	0.000212	0.000053	-11824.335
4080	5	11100110	0.000452	0.000422	0.000072	0.000365	0.000304	-11825.893
4090	6	11100111	0.000418	0.000341	0.000091	0.000257	0.000168	0.000229	-11818.106
4100	4	11000110	0.000431	0.000362	0.000254	0.000182	-11818.980
4110	4	11000110	0.000452	0.000373	0.000240	0.000229	-11814.721
4120	5	11100110	0.000459	0.000389	0.000010	0.000282	0.000269	-11822.635
4130	5	11000111	0.000494	0.000476	0.000333	0.000324	0.000230	-11828.545
4140	4	11000110	0.000507	0.000505	0.000346	0.000301	-11823.604
4150	5	11100110	0.000556	0.000436	0.000109	0.000346	0.000275	-11822.114
4160	5	11100110	0.000436	0.000323	0.000034	0.000310	0.000201	-11824.369
4170	5	11100110	0.000565	0.000504	0.000247	0.000195	0.000195	-11820.837
4180	7	11110111	0.000572	0.000508	0.000371	0.000261	0.000198	0.000197	0.000035	-11824.986
4190	8	11111111	0.000423	0.000385	0.000243	0.000162	0.000151	0.000318	0.000126	0.000155	-11820.543
4200	7	11110111	0.000374	0.000345	0.000267	0.000139	0.000233	0.000079	0.000192	-11815.566
4210	7	11110111	0.000374	0.000333	0.000261	0.000088	0.000244	0.000204	0.000152	-11817.213
4220	6	11100111	0.000345	0.000327	0.000255	0.000268	0.000127	0.000110	-11819.990
4230	5	11100101	0.000358	0.000330	0.000219	0.000219	0.000190	-11818.308
4240	5	11000111	0.000391	0.000368	0.000147	0.000024	0.000079	-11800.903
4250	7	11110111	0.000441	0.000402	0.000057	0.000031	0.000216	0.000049	0.000031	-11803.775
4260	6	11111100	0.000380	0.000352	0.000055	0.000046	0.000028	0.000250	-11806.618
4270	6	11111100	0.000417	0.000306	0.000228	0.000110	0.000090	0.000269	-11821.594
4280	7	11111110	0.000296	0.000222	0.000108	0.000071	0.000045	0.000164	0.000117	-11816.817
4290	7	11111110	0.000383	0.000287	0.000101	0.000089	0.000016	0.000182	0.000168	-11810.083
4300	5	11100110	0.000402	0.000374	0.000087	0.000201	0.000176	-11811.999
4310	4	11000110	0.000527	0.000402	0.000285	0.000282	-11831.320
4320	5	11100110	0.000548	0.000404	0.000078	0.000339	0.000195	-11830.778
4330	4	11000110	0.000532	0.000500	0.000387	0.000268	-11829.458
4340	6	11100111	0.000497	0.000445	0.000231	0.000352	0.000251	0.000063	-11823.810
4350	7	11110111	0.000535	0.000468	0.000182	0.000082	0.000456	0.000380	0.000298	-11832.332
4360	8	11111111	0.000482	0.000471	0.000155	0.000152	0.000086	0.000405	0.000331	0.000173	-11830.649
4370	7	11111110	0.000489	0.000455	0.000192	0.000147	0.000008	0.000416	0.000209	-11854.966
4380	5	11100110	0.000489	0.000441	0.000226	0.000283	0.000225	-11828.849
4390	7	11111110	0.000497	0.000438	0.000328	0.000298	0.000196	0.000324	0.000148	-11822.377
4400	6	11110110	0.000612	0.000525	0.000250	0.000235	0.000433	0.000341	-11827.346
4410	7	11111110	0.000663	0.000631	0.000291	0.000257	0.000221	0.000536	0.000396	-11822.135
4420	7	11111110	0.000629	0.000549	0.000433	0.000292	0.000249	0.000543	0.000457	-11817.371
4430	7	11111110	0.000737	0.000648	0.000566	0.000498	0.000094	0.000547	0.000429	-11822.781
4440	7	11111110	0.000631	0.000614	0.000482	0.000239	0.000232	0.000510	0.000168	-11826.096
4450	8	11111111	0.000665	0.000627	0.000561	0.000422	0.000376	0.000483	0.000302	0.000063	-11821.898
4460	7	11111110	0.000723	0.000644	0.000621	0.000504	0.000292	0.000613	0.000487	-11829.130
4470	8	11111111	0.000792	0.000728	0.000620	0.000501	0.000368	0.000614	0.000438	0.000254	-11825.451
4480	8	11111111	0.000666	0.000555	0.000467	0.000419	0.000360	0.000488	0.000428	0.000518	-11834.205
4490	7	11110111	0.000880	0.000772	0.000639	0.000394	0.000712	0.000654	0.000413	-11821.967
4500	8	11111111	0.000741	0.000689	0.000528	0.000418	0.000185	0.000623	0.000478	0.000296	-11842.487
4510	8	11111111	0.000661	0.000618	0.000331	0.000217	0.000163	0.000403	0.000341	0.000263	-11833.565
4520	8	11111111	0.000683	0.000646	0.000536	0.000524	0.000428	0.000644	0.000287	0.000075	-11841.049
4530	8	11111111	0.000717	0.000676	0.000617	0.000303	0.000171	0.000486	0.000203	0.000097	-11836.558
4540	8	11111111	0.000558	0.000537	0.000414	0.000306	0.000159	0.000501	0.000046	0.000199	-11834.165
4550	7	11111110	0.000598	0.000577	0.000439	0.000226	0.000214	0.000424	0.000142	-11831.896
4560	7	11111110	0.000531	0.000500	0.000399	0.000327	0.000194	0.000481	0.000121	-11813.878
4570	7	11111110	0.000512	0.000489	0.000471	0.000379	0.000199	0.000390	0.000234	-11828.414
4580	7	11111110	0.000555	0.000544	0.000466	0.000410	0.000290	0.000490	0.000266	-11851.083
4590	8	11111111	0.000555	0.000550	0.000386	0.000347	0.000070	0.000468	0.000228	0.000228	-11833.429
4600	7	11111110	0.000577	0.000551	0.000445	0.000139	0.000099	0.000498	0.000342	-11827.855
4610	8	11111111	0.000591	0.000566	0.000461	0.000330	0.000310	0.000446	0.000236	0.000128	-11831.358
4620	6	11111100	0.000591	0.000516	0.000491	0.000408	0.000178	0.000367	-11830.531
4630	7	11111110	0.000607	0.000507	0.000480	0.000225	0.000172	0.000444	0.000367	-11824.379
4640	7	11111110	0.000596	0.000504	0.000496	0.000458	0.000253	0.000358	0.000324	-11827.981
4650	7	11111110	0.000596	0.000523	0.000492	0.000381	0.000242	0.000467	0.000448	-11836.880
4660	7	11111110	0.000609	0.000522	0.000508	0.000421	0.000161	0.000521	0.000407	-11829.450
4670	7	11111110	0.000684	0.000579	0.000367	0.000232	0.000216	0.000552	0.000519	-11829.267
4680	7	11111110	0.000562	0.000492	0.000308	0.000273	0.000242	0.000397	0.000243	-11819.556
4690	7	11111110	0.000562	0.000560	0.000245	0.000137	0.000120	0.000525	0.000338	-11812.961
4700	7	11110111	0.000436	0.000363	0.000171	0.000160	0.000322	0.000212	0.000297	-11827.363
4710	7	11110111	0.000606	0.000510	0.000371	0.000096	0.000499	0.000370	0.000025	-11829.310
4720	6	11100111	0.000606	0.000500	0.000225	0.000499	0.000436	0.000025	-11830.031
4730	6	11110110	0.000510	0.000470	0.000378	0.000092	0.000448	0.000428	-11848.628
4740	7	11111110	0.000549	0.000489	0.000424	0.000086	0.000073	0.000466	0.000461	-11812.846
4750	8	11111111	0.000549	0.000483	0.000356	0.000225	0.000051	0.000452	0.000316	0.000363	-11820.249
4760	8	11111111	0.000626	0.000543	0.000487	0.000310	0.000135	0.000443	0.000371	0.000473	-11818.920
4770	7	11111110	0.000493	0.000412	0.000381	0.000274	0.000220	0.000391	0.000367	-11817.304
4780	8	11111111	0.000591	0.000462	0.000462	0.000427	0.000307	0.000443	0.000260	0.000058	-11827.620
4790	8	11111111	0.000484	0.000420	0.000373	0.000371	0.000011	0.000336	0.000307	0.000046	-11831.004
4800	8	11111111	0.000605	0.000523	0.000466	0.000461	0.000176	0.000386	0.000384	0.000207	-11826.966
4810	8	11111111	0.000662	0.000547	0.000510	0.000505	0.000296	0.000450	0.000406	0.000117	-11824.542
4820	8	11111111	0.000608	0.000550	0.000455	0.000218	0.000204	0.000542	0.000388	0.000137	-11825.622
4830	7	11111110	0.000507	0.000457	0.000336	0.000210	0.000085	0.000424	0.000345	-11837.185
4840	7	11111110	0.000614	0.000542	0.000532	0.000317	0.000279	0.000458	0.000314	-11827.869
4850	8	11111111	0.000614	0.000585	0.000534	0.000511	0.000368	0.000431	0.000328	0.000136	-11829.091
4860	7	11111110	0.000537	0.000522	0.000345	0.000278	0.000170	0.000421	0.000230	-11816.364
4870	7	11111110	0.000537	0.000483	0.000470	0.000173	0.000101	0.000338	0.000134	-11824.317
4880	6	11110110	0.000515	0.000458	0.000424	0.000226	0.000451	0.000069	-11826.790
4890	7	11111110	0.000547	0.000536	0.000442	0.000222	0.000203	0.000361	0.000289	-11828.108
4900	8	11111111	0.000580	0.000548	0.000418	0.000279	0.000154	0.000518	0.000307	0.000200	-11821.711
4910	6	11110110	0.000580	0.000539	0.000518	0.000045	0.000390	0.000375	-11810.737
4920	7	11111110	0.000469	0.000401	0.000299	0.000255	0.000205	0.000303	0.000199	-11836.377
4930	8	11111111	0.000628	0.000477	0.000390	0.000365	0.000323	0.000324	0.000155	0.000132	-11819.716
4940	8	11111111	0.000475	0.000373	0.000342	0.000330	0.000312	0.000255	0.000242	0.000198	-11819.421
4950	8	11111111	0.000471	0.000355	0.000326	0.000313	0.000114	0.000319	0.000252	0.000068	-11813.205
4960	8	11111111	0.000472	0.000452	0.000428	0.000315	0.000294	0.000233	0.000183	0.000022	-11814.622
4970	7	11111110	0.000475	0.000407	0.000390	0.000337	0.000234	0.000291	0.000263	-11808.563
4980	7	11111110	0.000500	0.000405	0.000348	0.000257	0.000238	0.000355	0.000314	-11815.254
4990	7	11111110	0.000455	0.000421	0.000311	0.000226	0.000082	0.000396	0.000099	-11817.478
5000	7	11111110	0.000439	0.000392	0.000321	0.000131	0.000043	0.000234	0.000090	-11819.305
5010	7	11111110	0.000374	0.000314	0.000295	0.000195	0.000049	0.000244	0.000082	-11804.741
5020	8	11111111	0.000429	0.000369	0.000308	0.000103	0.000017	0.000355	0.000302	0.000146	-11820.047
5030	8	11111111	0.000434	0.000320	0.000254	0.000131	0.000123	0.000256	0.000248	0.000155	-11824.178
5040	8	11111111	0.000452	0.000353	0.000288	0.000105	0.000092	0.000305	0.000275	0.000178	-11824.753
5050	8	11111111	0.000439	0.000339	0.000212	0.000180	0.000011	0.000299	0.000203	0.000202	-11822.866
5060	8	11111111	0.000439	0.000395	0.000356	0.000335	0.000248	0.000274	0.000205	0.000339	-11838.799
5070	8	11111111	0.000512	0.000422	0.000384	0.000367	0.000034	0.000407	0.000386	0.000464	-11824.054
5080	8	11111111	0.000453	0.000352	0.000337	0.000313	0.000133	0.000337	0.000318	0.000334	-11826.676
5090	8	11111111	0.000474	0.000370	0.000368	0.000237	0.000187	0.000354	0.000332	0.000267	-11812.192
5100	8	11111111	0.000487	0.000312	0.000266	0.000143	0.000060	0.000245	0.000225	0.000117	-11814.221
5110	5	11100110	0.000363	0.000335	0.000144	0.000225	0.000184	-11814.168
5120	6	11110110	0.000391	0.000332	0.000231	0.000041	0.000123	0.000072	-11821.473
5130	5	11100110	0.000386	0.000356	0.000153	0.000231	0.000193	-11814.442
5140	5	11100110	0.000386	0.000306	0.000049	0.000235	0.000207	-11819.720
5150	4	11000110	0.000425	0.000354	0.000268	0.000221	-11818.607
5160	5	11100110	0.000373	0.000353	0.000211	0.000316	0.000239	-11815.897
5170	6	11100111	0.000433	0.000361	0.000303	0.000294	0.000255	0.000075	-11818.350
5180	6	11100111	0.000497	0.000452	0.000127	0.000169	0.000152	0.000074	-11827.092
5190	5	11100110	0.000399	0.000317	0.000290	0.000176	0.000072	-11827.241
5200	5	11100110	0.000405	0.000329	0.000328	0.000250	0.000199	-11815.712
5210	6	11100111	0.000442	0.000359	0.000358	0.000358	0.000237	0.000010	-11831.190
5220	5	11100110	0.000455	0.000378	0.000352	0.000351	0.000312	-11828.156
5230	6	11110110	0.000363	0.000296	0.000270	0.000239	0.000261	0.000249	-11817.408
5240	7	11110111	0.000363	0.000269	0.000259	0.000227	0.000212	0.000195	0.000065	-11821.892
5250	7	11110111	0.000340	0.000311	0.000307	0.000228	0.000256	0.000104	0.000039	-11823.928
5260	8	11111111	0.000403	0.000336	0.000318	0.000309	0.000243	0.000236	0.000059	0.000119	-11826.220
5270	6	11111100	0.000384	0.000354	0.000285	0.000276	0.000252	0.000124	-11814.645
5280	8	11111111	0.000402	0.000363	0.000291	0.000271	0.000235	0.000312	0.000156	0.000129	-11829.188
5290	6	11110110	0.000402	0.000342	0.000232	0.000160	0.000330	0.000304	-11817.392
5300	6	11110110	0.000402	0.000354	0.000247	0.000182	0.000341	0.000286	-11819.713
5310	6	11110110	0.000374	0.000357	0.000161	0.000107	0.000319	0.000140	-11828.135
5320	6	11110110	0.000378	0.000349	0.000165	0.000119	0.000297	0.000293	-11821.960
5330	7	11110111	0.000430	0.000371	0.000248	0.000153	0.000350	0.000310	0.000034	-11814.416
5340	6	11100111	0.000406	0.000339	0.000251	0.000252	0.000215	0.000200	-11826.357
5350	7	11111110	0.000389	0.000346	0.000211	0.000052	0.000038	0.000230	0.000206	-11826.740
5360	7	11111110	0.000382	0.000310	0.000190	0.000123	0.000120	0.000208	0.000146	-11822.912
5370	6	11110110	0.000406	0.000378	0.000186	0.000040	0.000304	0.000272	-11824.617
5380	5	11100110	0.000345	0.000300	0.000239	0.000162	0.000139	-11827.589
5390	5	11100110	0.000392	0.000348	0.000271	0.000248	0.000188	-11823.637
5400	5	11100110	0.000345	0.000205	0.000126	0.000199	0.000175	-11821.480
5410	5	11100110	0.000406	0.000367	0.000119	0.000341	0.000187	-11822.762
5420	6	11110110	0.000311	0.000266	0.000124	0.000027	0.000248	0.000141	-11814.001
5430	6	11110110	0.000380	0.000300	0.000081	0.000001	0.000227	0.000047	-11811.606
5440	5	11100110	0.000492	0.000385	0.000238	0.000298	0.000082	-11817.234
5450	6	11110110	0.000387	0.000229	0.000049	0.000016	0.000220	0.000191	-11821.216
5460	4	11000110	0.000473	0.000322	0.000304	0.000113	-11816.377
5470	3	11000100	0.000354	0.000242	0.000227	-11816.396
5480	4	11000110	0.000377	0.000299	0.000295	0.000170	-11823.087
5490	5	11100110	0.000384	0.000300	0.000003	0.000260	0.000236	-11815.435
5500	4	11000110	0.000418	0.000343	0.000341	0.000137	-11829.652
5510	4	11000110	0.000467	0.000401	0.000377	0.000064	-11824.088
5520	5	11100110	0.000439	0.000385	0.000032	0.000376	0.000043	-11812.870
5530	4	11100100	0.000428	0.000350	0.000019	0.000332	-11812.686
5540	4	11000110	0.000535	0.000418	0.000362	0.000360	-11809.188
5550	4	11000110	0.000397	0.000361	0.000309	0.000282	-11828.041
5560	4	11000110	0.000405	0.000376	0.000350	0.000289	-11819.297
5570	5	11000111	0.000488	0.000444	0.000415	0.000365	0.000158	-11815.080
5580	6	11100111	0.000587	0.000339	0.000310	0.000269	0.000202	0.000219	-11811.382
5590	7	11110111	0.000552	0.000295	0.000277	0.000114	0.000253	0.000215	0.000219	-11821.702
5600	7	11110111	0.000605	0.000371	0.000320	0.000250	0.000274	0.000184	0.000233	-11825.531
5610	6	11110110	0.000760	0.000443	0.000328	0.000090	0.000268	0.000265	-11823.654
5620	7	11111110	0.000626	0.000584	0.000389	0.000282	0.000254	0.000457	0.000223	-11824.221
5630	7	11111110	0.000638	0.000612	0.000528	0.000505	0.000315	0.000524	0.000364	-11826.641
5640	7	11111110	0.000484	0.000466	0.000422	0.000383	0.000249	0.000366	0.000191	-11834.182
5650	7	11111110	0.000536	0.000486	0.000472	0.000463	0.000232	0.000360	0.000304	-11828.307
5660	8	11111111	0.000496	0.000474	0.000410	0.000402	0.000133	0.000413	0.000353	0.000004	-11816.677
5670	8	11111111	0.000536	0.000531	0.000449	0.000425	0.000359	0.000420	0.000343	0.000058	-11821.028
5680	7	11111110	0.000551	0.000541	0.000493	0.000388	0.000388	0.000388	0.000354	-11811.758
5690	8	11111111	0.000513	0.000512	0.000391	0.000320	0.000294	0.000419	0.000401	0.000097	-11817.526
5700	8	11111111	0.000603	0.000599	0.000578	0.000450	0.000296	0.000494	0.000449	0.000094	-11810.450
5710	8	11111111	0.000616	0.000611	0.000581	0.000506	0.000427	0.000521	0.000499	0.000091	-11831.224
5720	8	11111111	0.000543	0.000532	0.000452	0.000240	0.000147	0.000470	0.000363	0.000350	-11827.367
5730	7	11110111	0.000700	0.000667	0.000280	0.000084	0.000570	0.000552	0.000253	-11831.995
5740	8	11111111	0.000700	0.000654	0.000490	0.000400	0.000172	0.000612	0.000568	0.000312	-11843.967
5750	8	11111111	0.000558	0.000495	0.000478	0.000396	0.000146	0.000240	0.000211	0.000092	-11837.159
5760	7	11111110	0.000699	0.000670	0.000523	0.000507	0.000460	0.000520	0.000280	-11820.788
5770	8	11111111	0.000576	0.000523	0.000406	0.000310	0.000259	0.000233	0.000150	0.000117	-11839.283
5780	8	11111111	0.000546	0.000468	0.000340	0.000289	0.000166	0.000361	0.000146	0.000064	-11830.642
5790	7	11111110	0.000587	0.000477	0.000413	0.000396	0.000351	0.000390	0.000250	-11819.486
5800	8	11111111	0.000587	0.000532	0.000370	0.000343	0.000313	0.000318	0.000175	0.000289	-11830.381
5810	8	11111111	0.000452	0.000438	0.000391	0.000321	0.000257	0.000196	0.000057	0.000306	-11815.649
5820	7	11111101	0.000487	0.000485	0.000446	0.000306	0.000228	0.000170	0.000298	-11837.418
5830	8	11111111	0.000578	0.000577	0.000466	0.000144	0.000007	0.000445	0.000064	0.000280	-11819.325
5840	8	11111111	0.000607	0.000605	0.000585	0.000253	0.000177	0.000427	0.000368	0.000376	-11822.136
5850	8	11111111	0.000607	0.000602	0.000590	0.000312	0.000264	0.000493	0.000247	0.000299	-11830.833
5860	8	11111111	0.000549	0.000542	0.000503	0.000287	0.000211	0.000470	0.000387	0.000388	-11835.233
5870	7	11111110	0.000460	0.000439	0.000286	0.000189	0.000117	0.000337	0.000336	-11827.042
5880	6	11110110	0.000498	0.000436	0.000301	0.000202	0.000385	0.000364	-11836.590
5890	6	11110110	0.000578	0.000525	0.000346	0.000024	0.000476	0.000443	-11837.876
5900	5	11100110	0.000508	0.000452	0.000384	0.000434	0.000291	-11816.748
5910	6	11110110	0.000449	0.000424	0.000254	0.000106	0.000420	0.000382	-11831.245
5920	5	11100110	0.000523	0.000484	0.000331	0.000419	0.000392	-11824.536
5930	5	11100110	0.000557	0.000520	0.000407	0.000388	0.000388	-11815.121
5940	5	11100110	0.000515	0.000482	0.000296	0.000447	0.000372	-11820.383
5950	6	11110110	0.000557	0.000480	0.000307	0.000133	0.000449	0.000412	-11813.061
5960	7	11110111	0.000518	0.000474	0.000249	0.000041	0.000367	0.000099	0.000015	-11832.577
5970	7	11110111	0.000457	0.000405	0.000183	0.000062	0.000376	0.000162	0.000011	-11822.138
5980	6	11100111	0.000481	0.000424	0.000126	0.000413	0.000065	0.000029	-11823.363
5990	6	11110110	0.000406	0.000352	0.000242	0.000001	0.000349	0.000113	-11812.373
6000	6	11110110	0.000531	0.000367	0.000277	0.000223	0.000290	0.000090	-11832.014
6010	7	11111110	0.000593	0.000515	0.000328	0.000274	0.000274	0.000303	0.000226	-11818.946
6020	8	11111111	0.000526	0.000380	0.000330	0.000308	0.000277	0.000342	0.000185	0.000004	-11821.945
6030	8	11111111	0.000691	0.000543	0.000409	0.000392	0.000297	0.000514	0.000355	0.000373	-11827.463
6040	8	11111111	0.000715	0.000642	0.000511	0.000337	0.000136	0.000498	0.000276	0.000427	-11824.656
6050	8	11111111	0.000711	0.000705	0.000440	0.000383	0.000141	0.000330	0.000290	0.000235	-11828.646
6060	6	11100111	0.000813	0.000760	0.000477	0.000668	0.000528	0.000397	-11830.975
6070	6	11100111	0.000727	0.000648	0.000566	0.000639	0.000493	0.000401	-11837.351
6080	7	11110111	0.000761	0.000615	0.000594	0.000054	0.000505	0.000372	0.000330	-11823.407
6090	6	11100111	0.000772	0.000624	0.000607	0.000598	0.000416	0.000503	-11820.439
6100	6	11100111	0.000835	0.000700	0.000591	0.000645	0.000415	0.000534	-11829.068
6110	6	11100111	0.000731	0.000603	0.000431	0.000501	0.000233	0.000456	-11827.171
6120	6	11100111	0.000725	0.000602	0.000510	0.000427	0.000280	0.000409	-11823.466
6130	6	11100111	0.000725	0.000606	0.000474	0.000498	0.000190	0.000482	-11822.296
6140	7	11110111	0.000703	0.000614	0.000386	0.000020	0.000557	0.000471	0.000234	-11819.973
6150	7	11110111	0.000684	0.000631	0.000565	0.000015	0.000620	0.000617	0.000249	-11829.768
6160	7	11110111	0.000570	0.000521	0.000329	0.000013	0.000510	0.000505	0.000146	-11832.844
6170	6	11100111	0.000591	0.000560	0.000362	0.000421	0.000417	0.000071	-11827.508
6180	6	11100111	0.000591	0.000565	0.000512	0.000386	0.000201	0.000248	-11828.395
6190	6	11100111	0.000626	0.000564	0.000323	0.000485	0.000447	0.000162	-11817.449
6200	6	11100111	0.000602	0.000576	0.000403	0.000509	0.000430	0.000319	-11809.308
6210	7	11110111	0.000440	0.000384	0.000229	0.000151	0.000289	0.000289	0.000216	-11831.965
6220	6	11100111	0.000626	0.000560	0.000149	0.000506	0.000483	0.000183	-11836.257
6230	7	11110111	0.000530	0.000455	0.000432	0.000100	0.000372	0.000283	0.000155	-11832.076
6240	6	11110110	0.000619	0.000492	0.000296	0.000086	0.000340	0.000331	-11810.082
6250	7	11111110	0.000520	0.000482	0.000286	0.000055	0.000027	0.000351	0.000179	-11814.692
6260	7	11110111	0.000545	0.000517	0.000442	0.000293	0.000514	0.000480	0.000030	-11829.462
6270	7	11111110	0.000656	0.000642	0.000530	0.000259	0.000224	0.000600	0.000585	-11835.476
6280	7	11111110	0.000511	0.000507	0.000351	0.000234	0.000213	0.000467	0.000244	-11829.437
6290	7	11111110	0.000409	0.000377	0.000280	0.000146	0.000066	0.000279	0.000258	-11826.256
6300	7	11111110	0.000344	0.000288	0.000281	0.000190	0.000010	0.000241	0.000088	-11833.710
6310	6	11110110	0.000484	0.000461	0.000359	0.000260	0.000309	0.000171	-11824.717
6320	6	11110110	0.000476	0.000466	0.000287	0.000252	0.000308	0.000294	-11805.985
6330	6	11110110	0.000388	0.000381	0.000329	0.000279	0.000287	0.000105	-11826.450
6340	6	11110110	0.000438	0.000426	0.000410	0.000341	0.000229	0.000183	-11818.467
6350	7	11111110	0.000407	0.000387	0.000322	0.000070	0.000021	0.000325	0.000297	-11834.305
6360	7	11111110	0.000385	0.000309	0.000269	0.000153	0.000108	0.000247	0.000208	-11816.080
6370	7	11111110	0.000352	0.000252	0.000239	0.000214	0.000159	0.000209	0.000176	-11826.763
6380	8	11111111	0.000307	0.000258	0.000231	0.000189	0.000156	0.000222	0.000202	0.000003	-11811.491
6390	7	11111110	0.000307	0.000256	0.000216	0.000180	0.000154	0.000202	0.000156	-11818.498
6400	6	11110110	0.000347	0.000279	0.000228	0.000218	0.000250	0.000147	-11803.948
6410	7	11111110	0.000296	0.000256	0.000199	0.000193	0.000154	0.000219	0.000128	-11813.705
6420	8	11111111	0.000314	0.000250	0.000154	0.000150	0.000126	0.000205	0.000186	0.000087	-11808.662
6430	8	11111111	0.000299	0.000252	0.000148	0.000135	0.000130	0.000175	0.000168	0.000075	-11813.122
6440	7	11111110	0.000345	0.000294	0.000169	0.000165	0.000160	0.000179	0.000100	-11809.888
6450	5	11110100	0.000374	0.000264	0.000233	0.000173	0.000246	-11816.667
6460	6	11110101	0.000360	0.000318	0.000225	0.000185	0.000111	0.000048	-11812.903
6470	7	11111110	0.000360	0.000334	0.000289	0.000037	0.000014	0.000194	0.000115	-11813.129
6480	7	11111110	0.000317	0.000299	0.000249	0.000079	0.000021	0.000254	0.000253	-11812.144
6490	7	11111110	0.000351	0.000326	0.000214	0.000181	0.000153	0.000283	0.000279	-11825.810
6500	7	11111110	0.000419	0.000344	0.000238	0.000212	0.000185	0.000317	0.000287	-11824.631
6510	7	11111110	0.000387	0.000321	0.000264	0.000204	0.000188	0.000274	0.000269	-11799.270
6520	8	11111111	0.000387	0.000302	0.000267	0.000228	0.000139	0.000294	0.000251	0.000038	-11806.927
6530	7	11110111	0.000379	0.000299	0.000283	0.000116	0.000283	0.000194	0.000129	-11814.827
6540	6	11110110	0.000395	0.000311	0.000289	0.000192	0.000227	0.000206	-11825.087
6550	6	11110110	0.000395	0.000321	0.000300	0.000137	0.000279	0.000156	-11818.522
6560	7	11111110	0.000348	0.000305	0.000198	0.000090	0.000023	0.000231	0.000154	-11815.399
6570	7	11111110	0.000367	0.000286	0.000181	0.000143	0.000115	0.000248	0.000223	-11815.502
6580	7	11111110	0.000367	0.000323	0.000193	0.000094	0.000078	0.000285	0.000182	-11832.724
6590	7	11111110	0.000367	0.000338	0.000320	0.000289	0.000252	0.000333	0.000267	-11823.322
6600	7	11111110	0.000340	0.000303	0.000279	0.000245	0.000194	0.000297	0.000204	-11819.220
6610	7	11111110	0.000336	0.000308	0.000264	0.000154	0.000073	0.000238	0.000159	-11825.062
6620	7	11111110	0.000336	0.000265	0.000250	0.000210	0.000033	0.000198	0.000189	-11825.130
6630	7	11111110	0.000346	0.000296	0.000292	0.000274	0.000259	0.000219	0.000217	-11821.684
6640	7	11111110	0.000318	0.000287	0.000278	0.000261	0.000208	0.000200	0.000156	-11828.491
6650	7	11111110	0.000294	0.000264	0.000233	0.000224	0.000216	0.000176	0.000165	-11821.923
6660	7	11111110	0.000307	0.000252	0.000245	0.000197	0.000177	0.000216	0.000148	-11829.512
6670	7	11111110	0.000341	0.000248	0.000228	0.000196	0.000172	0.000233	0.000161	-11819.037
6680	7	11111110	0.000359	0.000279	0.000212	0.000181	0.000151	0.000198	0.000128	-11812.634
6690	8	11111111	0.000326	0.000293	0.000173	0.000142	0.000124	0.000171	0.000116	0.000004	-11820.780
6700	7	11111110	0.000357	0.000306	0.000258	0.000192	0.000065	0.000240	0.000164	-11810.834
6710	8	11111111	0.000298	0.000240	0.000114	0.000035	0.000028	0.000201	0.000150	0.000022	-11805.456
6720	8	11111111	0.000274	0.000195	0.000173	0.000163	0.000058	0.000188	0.000007	0.000024	-11808.826
6730	6	11111100	0.000333	0.000224	0.000180	0.000139	0.000093	0.000091	-11813.604
6740	7	11111110	0.000368	0.000296	0.000244	0.000104	0.000056	0.000217	0.000093	-11826.345
6750	7	11111110	0.000480	0.000333	0.000209	0.000092	0.000037	0.000301	0.000112	-11831.351
6760	5	11100101	0.000441	0.000284	0.000259	0.000225	0.000034	-11810.904
6770	4	11100100	0.000455	0.000343	0.000262	0.000122	-11806.453
6780	4	11100100	0.000367	0.000288	0.000231	0.000150	-11824.737
6790	5	11100101	0.000416	0.000271	0.000234	0.000241	0.000061	-11820.501
6800	6	11110101	0.000367	0.000252	0.000180	0.000170	0.000078	0.000041	-11813.257
6810	5	11111000	0.000431	0.000391	0.000175	0.000175	0.000087	-11817.484
6820	7	11111101	0.000365	0.000359	0.000227	0.000166	0.000126	0.000165	0.000010	-11807.322
6830	6	11111100	0.000332	0.000298	0.000200	0.000099	0.000086	0.000089	-11810.048
6840	6	11111100	0.000383	0.000377	0.000291	0.000222	0.000216	0.000220	-11822.576
6850	7	11111110	0.000383	0.000376	0.000271	0.000268	0.000227	0.000291	0.000051	-11815.964
6860	7	11111110	0.000383	0.000376	0.000262	0.000192	0.000038	0.000207	0.000074	-11822.973
6870	6	11111100	0.000438	0.000399	0.000311	0.000234	0.000116	0.000325	-11816.942
6880	7	11111101	0.000415	0.000327	0.000238	0.000212	0.000195	0.000287	0.000094	-11826.784
6890	7	11110111	0.000500	0.000449	0.000373	0.000330	0.000405	0.000153	0.000108	-11824.436
6900	7	11111110	0.000508	0.000445	0.000223	0.000142	0.000007	0.000255	0.000220	-11816.062
6910	7	11111110	0.000558	0.000338	0.000098	0.000078	0.000054	0.000272	0.000245	-11817.352
6920	5	11100110	0.000527	0.000512	0.000225	0.000396	0.000314	-11828.952
6930	4	11000110	0.000466	0.000333	0.000237	0.000176	-11825.915
6940	4	11000110	0.000434	0.000411	0.000293	0.000176	-11822.865
6950	6	11100111	0.000399	0.000354	0.000036	0.000330	0.000308	0.000092	-11825.525
6960	4	11000110	0.000542	0.000457	0.000292	0.000117	-11837.076
6970	5	11000111	0.000549	0.000489	0.000420	0.000068	0.000009	-11829.588
6980	4	11000110	0.000502	0.000467	0.000263	0.000013	-11819.401
6990	5	11100101	0.000432	0.000379	0.000023	0.000224	0.000034	-11816.712
7000	4	11000110	0.000601	0.000548	0.000521	0.000489	-11824.289
7010	5	11100110	0.000525	0.000503	0.000416	0.000411	0.000344	-11819.580
7020	6	11110110	0.000499	0.000432	0.000427	0.000042	0.000334	0.000245	-11818.714
7030	6	11110110	0.000514	0.000482	0.000409	0.000118	0.000270	0.000168	-11818.132
7040	6	11110110	0.000514	0.000488	0.000460	0.000226	0.000340	0.000236	-11811.561
7050	8	11111111	0.000408	0.000377	0.000343	0.000215	0.000099	0.000320	0.000185	0.000196	-11810.688
7060	5	11110100	0.000473	0.000442	0.000385	0.000221	0.000103	-11811.803
7070	7	11111110	0.000396	0.000288	0.000214	0.000156	0.000117	0.000165	0.000003	-11828.831
7080	5	11111000	0.000467	0.000303	0.000264	0.000198	0.000065	-11826.230
7090	5	11111000	0.000491	0.000403	0.000142	0.000116	0.000076	-11814.604
7100	6	11111100	0.000440	0.000376	0.000127	0.000122	0.000100	0.000008	-11830.743
7110	6	11110101	0.000514	0.000485	0.000161	0.000149	0.000057	0.000037	-11817.618
7120	4	11100001	0.000537	0.000362	0.000211	0.000167	-11821.227
7130	4	11110000	0.000449	0.000410	0.000211	0.000152	-11830.283
7140	4	11110000	0.000586	0.000543	0.000327	0.000281	-11816.576
7150	4	11110000	0.000612	0.000446	0.000398	0.000397	-11813.532
7160	6	11110101	0.000629	0.000534	0.000415	0.000408	0.000131	0.000110	-11819.492
7170	6	11110101	0.000580	0.000486	0.000383	0.000377	0.000008	0.000161	-11833.958
7180	6	11111001	0.000580	0.000460	0.000408	0.000308	0.000130	0.000353	-11820.918
7190	8	11111111	0.000495	0.000451	0.000422	0.000175	0.000147	0.000296	0.000059	0.000274	-11831.683
7200	8	11111111	0.000553	0.000481	0.000471	0.000314	0.000217	0.000312	0.000151	0.000171	-11814.483
7210	8	11111111	0.000664	0.000576	0.000573	0.000534	0.000531	0.000475	0.000231	0.000322	-11825.005
7220	8	11111111	0.000608	0.000547	0.000526	0.000519	0.000484	0.000379	0.000286	0.000268	-11839.803
7230	7	11111101	0.000497	0.000448	0.000444	0.000412	0.000404	0.000435	0.000213	-11836.331
7240	6	11111100	0.000696	0.000649	0.000627	0.000509	0.000289	0.000547	-11829.859
7250	7	11111110	0.000601	0.000558	0.000537	0.000495	0.000351	0.000504	0.000187	-11830.878
7260	7	11111110	0.000774	0.000736	0.000508	0.000494	0.000124	0.000638	0.000017	-11835.824
7270	7	11111110	0.000677	0.000535	0.000398	0.000239	0.000192	0.000314	0.000117	-11832.707
7280	7	11111110	0.000696	0.000646	0.000519	0.000379	0.000318	0.000302	0.000159	-11833.701
7290	8	11111111	0.000575	0.000520	0.000409	0.000408	0.000129	0.000254	0.000202	0.000047	-11844.630
7300	8	11111111	0.000638	0.000527	0.000487	0.000450	0.000249	0.000239	0.000231	0.000013	-11817.685
7310	8	11111111	0.000563	0.000434	0.000391	0.000383	0.000287	0.000239	0.000127	0.000076	-11824.241
7320	7	11111110	0.000624	0.000489	0.000360	0.000314	0.000243	0.000439	0.000282	-11814.915
7330	7	11111110	0.000624	0.000562	0.000419	0.000372	0.000234	0.000508	0.000435	-11816.353
7340	6	11110110	0.000700	0.000659	0.000526	0.000516	0.000387	0.000198	-11831.611
7350	7	11111110	0.000432	0.000374	0.000307	0.000295	0.000243	0.000327	0.000090	-11826.046
7360	8	11111111	0.000513	0.000470	0.000456	0.000340	0.000178	0.000469	0.000330	0.000228	-11822.361
7370	7	11111110	0.000508	0.000453	0.000445	0.000353	0.000286	0.000422	0.000307	-11820.542
7380	7	11111110	0.000512	0.000448	0.000435	0.000405	0.000373	0.000408	0.000403	-11812.996
7390	7	11111110	0.000492	0.000422	0.000389	0.000365	0.000335	0.000418	0.000376	-11818.750
7400	7	11111110	0.000426	0.000372	0.000333	0.000325	0.000273	0.000351	0.000302	-11818.673
7410	7	11111110	0.000538	0.000413	0.000360	0.000359	0.000302	0.000370	0.000361	-11831.476
7420	8	11111111	0.000438	0.000386	0.000379	0.000325	0.000323	0.000348	0.000290	0.000020	-11825.324
7430	8	11111111	0.000524	0.000474	0.000447	0.000312	0.000152	0.000345	0.000167	0.000100	-11823.410
7440	8	11111111	0.000633	0.000575	0.000479	0.000318	0.000297	0.000455	0.000328	0.000153	-11837.447
7450	8	11111111	0.000501	0.000471	0.000415	0.000247	0.000246	0.000388	0.000284	0.000075	-11825.063
7460	8	11111111	0.000501	0.000384	0.000321	0.000209	0.000202	0.000232	0.000031	0.000170	-11833.872
7470	8	11111111	0.000521	0.000383	0.000248	0.000129	0.000105	0.000286	0.000228	0.000323	-11830.692
7480	8	11111111	0.000551	0.000391	0.000190	0.000128	0.000127	0.000237	0.000224	0.000366	-11831.849
7490	8	11111111	0.000501	0.000372	0.000201	0.000155	0.000082	0.000319	0.000270	0.000215	-11838.206
7500	8	11111111	0.000522	0.000515	0.000202	0.000163	0.000145	0.000419	0.000328	0.000288	-11828.313
7510	7	11111110	0.000617	0.000601	0.000196	0.000141	0.000078	0.000512	0.000446	-11831.260
7520	7	11111110	0.000524	0.000481	0.000152	0.000128	0.000026	0.000462	0.000436	-11826.915
7530	7	11110111	0.000558	0.000516	0.000247	0.000204	0.000500	0.000498	0.000057	-11834.250
7540	7	11110111	0.000528	0.000493	0.000437	0.000292	0.000483	0.000178	0.000117	-11828.111
7550	7	11110111	0.000538	0.000411	0.000389	0.000241	0.000390	0.000285	0.000167	-11835.096
7560	8	11111111	0.000560	0.000548	0.000425	0.000316	0.000306	0.000495	0.000287	0.000327	-11839.407
7570	8	11111111	0.000627	0.000572	0.000486	0.000412	0.000397	0.000533	0.000487	0.000333	-11829.623
7580	8	11111111	0.000581	0.000532	0.000319	0.000265	0.000193	0.000512	0.000440	0.000201	-11827.046
7590	7	11110111	0.000558	0.000500	0.000440	0.000388	0.000443	0.000408	0.000206	-11830.990
7600	7	11110111	0.000726	0.000613	0.000513	0.000351	0.000476	0.000328	0.000517	-11827.570
7610	7	11110111	0.000558	0.000394	0.000393	0.000374	0.000323	0.000272	0.000415	-11827.146
7620	8	11111111	0.000558	0.000450	0.000268	0.000256	0.000195	0.000356	0.000184	0.000315	-11827.046
7630	8	11111111	0.000666	0.000589	0.000530	0.000312	0.000113	0.000463	0.000341	0.000513	-11834.935
7640	6	11100111	0.000666	0.000531	0.000493	0.000476	0.000135	0.000516	-11821.128
7650	7	11110111	0.000666	0.000502	0.000415	0.000250	0.000471	0.000347	0.000217	-11831.270
7660	8	11111111	0.000572	0.000471	0.000373	0.000121	0.000063	0.000454	0.000245	0.000420	-11826.163
7670	8	11111111	0.000572	0.000529	0.000486	0.000208	0.000168	0.000499	0.000420	0.000378	-11833.097
7680	8	11111111	0.000511	0.000488	0.000416	0.000232	0.000183	0.000446	0.000315	0.000237	-11817.851
7690	8	11111111	0.000562	0.000519	0.000473	0.000443	0.000418	0.000475	0.000456	0.000428	-11825.912
7700	8	11111111	0.000562	0.000505	0.000431	0.000198	0.000070	0.000483	0.000297	0.000298	-11825.806
7710	8	11111111	0.000495	0.000471	0.000406	0.000229	0.000223	0.000452	0.000398	0.000295	-11825.538
7720	7	11111110	0.000460	0.000415	0.000340	0.000113	0.000096	0.000370	0.000339	-11827.878
7730	5	11100110	0.000395	0.000352	0.000123	0.000312	0.000291	-11822.310
7740	4	11000110	0.000449	0.000364	0.000348	0.000317	-11821.970
7750	6	11110110	0.000443	0.000384	0.000017	0.000003	0.000282	0.000124	-11804.628
7760	6	11110110	0.000385	0.000314	0.000015	0.000010	0.000258	0.000068	-11829.654
7770	5	11100110	0.000422	0.000378	0.000016	0.000314	0.000234	-11814.773
7780	7	11111110	0.000549	0.000506	0.000231	0.000135	0.000059	0.000416	0.000396	-11828.037
7790	7	11110111	0.000565	0.000547	0.000496	0.000415	0.000525	0.000407	0.000040	-11823.978
7800	8	11111111	0.000651	0.000611	0.000543	0.000540	0.000476	0.000577	0.000475	0.000096	-11830.112
7810	7	11111110	0.000573	0.000547	0.000520	0.000500	0.000152	0.000460	0.000339	-11830.263
7820	8	11111111	0.000513	0.000487	0.000468	0.000454	0.000105	0.000478	0.000388	0.000138	-11838.413
7830	7	11111110	0.000434	0.000414	0.000396	0.000292	0.000284	0.000371	0.000297	-11835.325
7840	7	11111110	0.000518	0.000453	0.000432	0.000373	0.000311	0.000399	0.000308	-11831.332
7850	7	11111110	0.000488	0.000449	0.000334	0.000097	0.000083	0.000396	0.000304	-11825.928
7860	8	11111111	0.000567	0.000550	0.000470	0.000036	0.000016	0.000275	0.000173	0.000032	-11804.419
7870	7	11111110	0.000482	0.000455	0.000279	0.000033	0.000018	0.000279	0.000250	-11814.844
7880	7	11111110	0.000454	0.000449	0.000213	0.000146	0.000121	0.000409	0.000224	-11817.164
7890	7	11111110	0.000518	0.000449	0.000138	0.000102	0.000101	0.000370	0.000189	-11819.100
7900	6	11110110	0.000554	0.000541	0.000135	0.000062	0.000538	0.000312	-11826.460
7910	6	11110110	0.000470	0.000458	0.000053	0.000044	0.000456	0.000129	-11831.232
7920	6	11110110	0.000428	0.000420	0.000130	0.000091	0.000402	0.000402	-11828.767
7930	4	11100100	0.000436	0.000434	0.000208	0.000182	-11820.305
7940	7	11111110	0.000432	0.000423	0.000276	0.000054	0.000029	0.000240	0.000025	-11820.628
7950	6	11111100	0.000432	0.000428	0.000178	0.000133	0.000007	0.000257	-11818.045
7960	6	11111001	0.000431	0.000349	0.000287	0.000232	0.000175	0.000254	-11823.298
7970	8	11111111	0.000441	0.000350	0.000290	0.000197	0.000158	0.000073	0.000014	0.000119	-11818.135
7980	7	11111101	0.000416	0.000379	0.000323	0.000148	0.000071	0.000076	0.000020	-11811.657
7990	6	11111001	0.000416	0.000385	0.000323	0.000090	0.000075	0.000077	-11808.531
8000	6	11111100	0.000372	0.000352	0.000332	0.000204	0.000073	0.000075	-11833.630
8010	6	11110101	0.000401	0.000389	0.000374	0.000009	0.000170	0.000037	-11824.601
8020	4	11100100	0.000401	0.000378	0.000374	0.000049	-11807.408
8030	4	11110000	0.000378	0.000363	0.000354	0.000046	-11826.717
8040	4	11110000	0.000389	0.000357	0.000318	0.000012	-11807.044
8050	3	11100000	0.000364	0.000291	0.000190	-11815.304
8060	4	11100001	0.000300	0.000269	0.000254	0.000084	-11820.236
8070	3	11100000	0.000309	0.000246	0.000237	-11821.035
8080	5	11110001	0.000419	0.000367	0.000342	0.000092	0.000175	-11810.488
8090	5	11110001	0.000341	0.000286	0.000244	0.000050	0.000227	-11820.818
8100	5	11100101	0.000325	0.000313	0.000268	0.000080	0.000136	-11815.046
8110	5	11100101	0.000335	0.000326	0.000260	0.000185	0.000088	-11814.057
8120	6	11110110	0.000303	0.000288	0.000280	0.000061	0.000160	0.000024	-11824.481
8130	5	11100110	0.000380	0.000373	0.000215	0.000361	0.000119	-11815.184
8140	5	11100110	0.000300	0.000294	0.000121	0.000259	0.000110	-11818.953
8150	5	11100110	0.000311	0.000281	0.000231	0.000211	0.000027	-11826.764
8160	5	11100110	0.000299	0.000281	0.000223	0.000197	0.000142	-11813.333
8170	5	11100110	0.000338	0.000318	0.000292	0.000296	0.000287	-11806.042
8180	5	11100110	0.000275	0.000270	0.000180	0.000252	0.000176	-11806.595
8190	8	11111111	0.000299	0.000286	0.000247	0.000137	0.000096	0.000264	0.000209	0.000003	-11819.133
8200	7	11111110	0.000313	0.000296	0.000201	0.000120	0.000101	0.000283	0.000201	-11821.017
8210	7	11111110	0.000305	0.000271	0.000189	0.000043	0.000028	0.000271	0.000263	-11814.142
8220	5	11100110	0.000305	0.000267	0.000095	0.000249	0.000222	-11823.555
8230	5	11100110	0.000291	0.000246	0.000060	0.000189	0.000185	-11818.696
8240	6	11110110	0.000316	0.000280	0.000211	0.000171	0.000250	0.000218	-11821.852
8250	7	11111110	0.000255	0.000237	0.000177	0.000166	0.000027	0.000213	0.000158	-11810.213
8260	7	11111110	0.000255	0.000197	0.000153	0.000118	0.000067	0.000196	0.000172	-11817.387
8270	7	11111110	0.000255	0.000198	0.000145	0.000132	0.000046	0.000134	0.000067	-11811.935
8280	7	11111110	0.000284	0.000214	0.000162	0.000103	0.000048	0.000192	0.000167	-11820.239
8290	6	11111100	0.000263	0.000212	0.000166	0.000156	0.000077	0.000143	-11806.621
8300	7	11111101	0.000246	0.000180	0.000119	0.000117	0.000042	0.000145	0.000038	-11807.595
8310	5	11110100	0.000302	0.000270	0.000088	0.000077	0.000197	-11804.702
8320	5	11100110	0.000302	0.000178	0.000020	0.000100	0.000042	-11798.260
8330	7	11111110	0.000294	0.000180	0.000103	0.000004	0.000004	0.000159	0.000110	-11809.452
8340	7	11111110	0.000304	0.000241	0.000190	0.000108	0.000046	0.000101	0.000101	-11806.954
8350	6	11110110	0.000356	0.000281	0.000261	0.000002	0.000127	0.000126	-11805.860
8360	5	11100110	0.000335	0.000283	0.000196	0.000202	0.000115	-11807.487
8370	6	11110110	0.000327	0.000293	0.000235	0.000161	0.000193	0.000090	-11827.703
8380	6	11100111	0.000378	0.000295	0.000110	0.000272	0.000239	0.000126	-11820.932
8390	5	11100110	0.000369	0.000266	0.000181	0.000144	0.000092	-11809.929
8400	5	11100110	0.000297	0.000251	0.000201	0.000134	0.000120	-11821.955
8410	6	11110110	0.000336	0.000319	0.000159	0.000036	0.000221	0.000151	-11820.845
8420	8	11111111	0.000350	0.000299	0.000157	0.000099	0.000015	0.000234	0.000202	0.000035	-11820.704
8430	6	11110110	0.000378	0.000368	0.000081	0.000034	0.000358	0.000315	-11815.881
8440	5	11100110	0.000363	0.000320	0.000311	0.000302	0.000283	-11823.615
8450	5	11100110	0.000426	0.000383	0.000366	0.000358	0.000249	-11820.700
8460	8	11111111	0.000426	0.000386	0.000371	0.000243	0.000034	0.000300	0.000279	0.000018	-11806.285
8470	6	11110110	0.000397	0.000381	0.000320	0.000176	0.000215	0.000179	-11821.065
8480	7	11111110	0.000390	0.000327	0.000226	0.000098	0.000048	0.000193	0.000130	-11822.482
8490	6	11110110	0.000433	0.000398	0.000289	0.000105	0.000229	0.000148	-11810.046
8500	5	11100110	0.000433	0.000383	0.000151	0.000220	0.000154	-11824.685
8510	6	11110110	0.000385	0.000352	0.000247	0.000179	0.000297	0.000225	-11817.091
8520	7	11110111	0.000457	0.000397	0.000329	0.000278	0.000282	0.000248	0.000136	-11804.377
8530	8	11111111	0.000402	0.000359	0.000293	0.000187	0.000155	0.000342	0.000221	0.000194	-11815.690
8540	7	11111110	0.000462	0.000325	0.000310	0.000239	0.000200	0.000230	0.000116	-11820.500
8550	7	11111110	0.000456	0.000363	0.000327	0.000246	0.000085	0.000262	0.000152	-11819.935
8560	7	11111110	0.000443	0.000356	0.000321	0.000108	0.000054	0.000337	0.000211	-11803.628
8570	8	11111111	0.000486	0.000391	0.000347	0.000095	0.000039	0.000379	0.000358	0.000061	-11822.219
8580	7	11110111	0.000497	0.000422	0.000382	0.000051	0.000405	0.000378	0.000112	-11830.753
8590	8	11111111	0.000535	0.000419	0.000384	0.000030	0.000012	0.000331	0.000232	0.000032	-11815.689
8600	6	11110110	0.000429	0.000346	0.000242	0.000119	0.000328	0.000279	-11830.499
8610	7	11110111	0.000436	0.000377	0.000325	0.000034	0.000320	0.000036	0.000111	-11816.227
8620	7	11111110	0.000436	0.000336	0.000324	0.000207	0.000118	0.000228	0.000102	-11809.263
8630	8	11111111	0.000436	0.000385	0.000313	0.000096	0.000092	0.000377	0.000197	0.000025	-11812.073
8640	6	11110110	0.000458	0.000409	0.000324	0.000203	0.000388	0.000377	-11812.611
8650	7	11110111	0.000505	0.000456	0.000287	0.000265	0.000433	0.000432	0.000038	-11811.358
8660	6	11100111	0.000415	0.000387	0.000348	0.000374	0.000352	0.000080	-11827.538
8670	8	11111111	0.000464	0.000387	0.000386	0.000220	0.000157	0.000382	0.000216	0.000019	-11831.270
8680	8	11111111	0.000473	0.000425	0.000360	0.000206	0.000197	0.000346	0.000236	0.000018	-11828.728
8690	8	11111111	0.000390	0.000360	0.000242	0.000188	0.000134	0.000335	0.000210	0.000011	-11824.069
8700	6	11110110	0.000484	0.000381	0.000298	0.000083	0.000296	0.000121	-11814.287
8710	6	11110110	0.000482	0.000404	0.000168	0.000100	0.000304	0.000259	-11822.442
8720	7	11111110	0.000556	0.000397	0.000232	0.000158	0.000089	0.000325	0.000266	-11824.990
8730	7	11111110	0.000451	0.000250	0.000188	0.000179	0.000024	0.000229	0.000193	-11806.920
8740	6	11110110	0.000521	0.000389	0.000324	0.000053	0.000310	0.000206	-11829.464
8750	6	11100111	0.000528	0.000442	0.000327	0.000264	0.000201	0.000206	-11820.545
8760	6	11110110	0.000543	0.000384	0.000246	0.000005	0.000334	0.000195	-11828.675
8770	5	11100110	0.000580	0.000453	0.000427	0.000200	0.000141	-11815.249
8780	5	11100110	0.000580	0.000505	0.000310	0.000366	0.000230	-11812.222
8790	5	11100110	0.000492	0.000449	0.000369	0.000251	0.000172	-11817.678
8800	5	11100110	0.000525	0.000493	0.000137	0.000399	0.000282	-11821.177
8810	5	11100110	0.000599	0.000578	0.000320	0.000502	0.000246	-11820.167
8820	5	11100110	0.000632	0.000629	0.000552	0.000551	0.000418	-11829.677
8830	7	11111110	0.000621	0.000615	0.000366	0.000125	0.000016	0.000534	0.000514	-11819.677
8840	7	11110111	0.000511	0.000496	0.000246	0.000172	0.000409	0.000403	0.000125	-11823.776
8850	8	11111111	0.000533	0.000515	0.000204	0.000189	0.000118	0.000447	0.000437	0.000291	-11822.250
8860	8	11111111	0.000593	0.000463	0.000241	0.000157	0.000084	0.000445	0.000439	0.000216	-11821.187
8870	7	11111110	0.000622	0.000501	0.000388	0.000352	0.000187	0.000451	0.000378	-11814.076
8880	7	11111110	0.000525	0.000468	0.000307	0.000254	0.000147	0.000332	0.000286	-11818.818
8890	7	11111110	0.000651	0.000415	0.000274	0.000260	0.000135	0.000273	0.000262	-11821.812
8900	7	11111110	0.000706	0.000591	0.000454	0.000421	0.000029	0.000411	0.000305	-11821.673
8910	7	11111110	0.000627	0.000494	0.000399	0.000337	0.000305	0.000325	0.000283	-11824.712
8920	7	11111101	0.000569	0.000544	0.000376	0.000327	0.000219	0.000320	0.000108	-11825.684
8930	6	11110110	0.000454	0.000376	0.000181	0.000113	0.000274	0.000136	-11827.022
8940	7	11111110	0.000540	0.000486	0.000379	0.000287	0.000165	0.000239	0.000050	-11806.309
8950	6	11110110	0.000436	0.000419	0.000290	0.000070	0.000349	0.000207	-11817.168
8960	7	11111110	0.000452	0.000425	0.000187	0.000147	0.000105	0.000390	0.000300	-11811.867
8970	5	11100110	0.000434	0.000375	0.000107	0.000328	0.000237	-11830.712
8980	4	11000110	0.000501	0.000444	0.000412	0.000408	-11822.405
8990	5	11100110	0.000523	0.000469	0.000139	0.000458	0.000212	-11828.410
9000	5	11100110	0.000499	0.000416	0.000346	0.000314	0.000266	-11814.156
9010	5	11100110	0.000438	0.000411	0.000376	0.000305	0.000274	-11820.225
9020	6	11110110	0.000450	0.000383	0.000361	0.000095	0.000368	0.000204	-11824.086
9030	5	11100110	0.000450	0.000323	0.000211	0.000293	0.000257	-11822.407
9040	6	11100111	0.000486	0.000416	0.000280	0.000374	0.000272	0.000078	-11826.972
9050	5	11000111	0.000590	0.000452	0.000406	0.000354	0.000110	-11813.315
9060	6	11100111	0.000520	0.000398	0.000150	0.000381	0.000361	0.000181	-11818.979
9070	7	11111110	0.000464	0.000355	0.000221	0.000147	0.000141	0.000349	0.000339	-11819.823
9080	5	11100110	0.000458	0.000369	0.000132	0.000352	0.000334	-11821.429
9090	6	11110110	0.000455	0.000373	0.000076	0.000002	0.000367	0.000366	-11834.122
9100	5	11100110	0.000456	0.000397	0.000292	0.000320	0.000271	-11817.896
9110	6	11100111	0.000462	0.000398	0.000279	0.000348	0.000315	0.000010	-11811.967
9120	5	11100110	0.000460	0.000365	0.000272	0.000345	0.000097	-11814.197
9130	5	11100110	0.000367	0.000316	0.000278	0.000159	0.000060	-11814.430
9140	5	11100110	0.000319	0.000248	0.000230	0.000133	0.000123	-11821.092
9150	5	11110100	0.000342	0.000189	0.000146	0.000013	0.000102	-11831.119
9160	4	11100100	0.000420	0.000382	0.000312	0.000275	-11831.043
9170	6	11110110	0.000376	0.000344	0.000266	0.000241	0.000300	0.000032	-11826.629
9180	7	11110111	0.000379	0.000330	0.000289	0.000091	0.000237	0.000035	0.000093	-11817.919
9190	7	11111110	0.000492	0.000462	0.000249	0.000177	0.000131	0.000392	0.000215	-11818.418
9200	6	11110110	0.000397	0.000354	0.000231	0.000104	0.000341	0.000130	-11830.936
9210	7	11111110	0.000366	0.000320	0.000292	0.000218	0.000157	0.000313	0.000168	-11803.094
9220	7	11111110	0.000433	0.000404	0.000240	0.000148	0.000056	0.000333	0.000200	-11823.264
9230	7	11111110	0.000426	0.000367	0.000236	0.000219	0.000096	0.000325	0.000132	-11823.308
9240	7	11111110	0.000454	0.000412	0.000295	0.000229	0.000181	0.000345	0.000198	-11805.516
9250	7	11111110	0.000449	0.000349	0.000311	0.000307	0.000183	0.000332	0.000254	-11815.064
9260	7	11111110	0.000422	0.000392	0.000273	0.000272	0.000255	0.000308	0.000193	-11831.106
9270	8	11111111	0.000497	0.000423	0.000342	0.000341	0.000287	0.000339	0.000095	0.000196	-11827.885
9280	7	11111101	0.000490	0.000412	0.000335	0.000219	0.000196	0.000223	0.000151	-11825.874
9290	7	11111110	0.000438	0.000328	0.000327	0.000276	0.000239	0.000262	0.000188	-11827.110
9300	7	11111110	0.000434	0.000378	0.000347	0.000265	0.000074	0.000343	0.000135	-11831.342
9310	7	11111110	0.000483	0.000412	0.000244	0.000211	0.000164	0.000318	0.000270	-11824.831
9320	8	11111111	0.000429	0.000420	0.000282	0.000208	0.000137	0.000403	0.000298	0.000027	-11824.213
9330	7	11111110	0.000487	0.000478	0.000356	0.000186	0.000178	0.000424	0.000223	-11825.403
9340	8	11111111	0.000424	0.000420	0.000357	0.000262	0.000110	0.000325	0.000278	0.000237	-11831.216
9350	7	11111110	0.000409	0.000379	0.000239	0.000193	0.000135	0.000375	0.000183	-11814.353
9360	7	11111110	0.000439	0.000385	0.000263	0.000221	0.000211	0.000376	0.000272	-11833.921
9370	7	11111110	0.000387	0.000379	0.000316	0.000280	0.000179	0.000377	0.000333	-11831.410
9380	7	11111110	0.000339	0.000338	0.000325	0.000284	0.000205	0.000327	0.000187	-11831.002
9390	7	11111110	0.000382	0.000366	0.000365	0.000313	0.000137	0.000297	0.000172	-11833.723
9400	7	11111110	0.000374	0.000368	0.000351	0.000311	0.000267	0.000315	0.000208	-11838.725
9410	7	11111110	0.000345	0.000309	0.000287	0.000175	0.000104	0.000241	0.000201	-11816.578
9420	6	11111100	0.000404	0.000348	0.000331	0.000314	0.000173	0.000304	-11824.073
9430	7	11111101	0.000404	0.000322	0.000284	0.000280	0.000178	0.000305	0.000028	-11825.602
9440	7	11110111	0.000342	0.000282	0.000185	0.000153	0.000257	0.000028	0.000138	-11813.342
9450	8	11111111	0.000395	0.000293	0.000289	0.000197	0.000050	0.000267	0.000049	0.000113	-11818.282
9460	5	11110100	0.000309	0.000264	0.000095	0.000053	0.000080	-11812.911
9470	5	11111000	0.000284	0.000213	0.000089	0.000057	0.000026	-11820.624
9480	6	11111100	0.000228	0.000161	0.000080	0.000060	0.000001	0.000020	-11826.214
9490	7	11110111	0.000274	0.000261	0.000166	0.000047	0.000189	0.000050	0.000037	-11809.650
9500	5	11100110	0.000270	0.000223	0.000115	0.000152	0.000063	-11793.693
9510	4	11100100	0.000291	0.000229	0.000148	0.000184	-11822.118
9520	5	11100110	0.000286	0.000232	0.000180	0.000137	0.000063	-11820.669
9530	5	11100110	0.000295	0.000240	0.000195	0.000232	0.000090	-11818.137
9540	5	11100101	0.000260	0.000223	0.000142	0.000222	0.000010	-11810.011
9550	5	11100110	0.000296	0.000254	0.000171	0.000253	0.000056	-11823.126
9560	5	11100110	0.000325	0.000279	0.000161	0.000278	0.000032	-11816.658
9570	5	11100110	0.000288	0.000251	0.000092	0.000248	0.000061	-11803.854
9580	4	11100100	0.000285	0.000257	0.000091	0.000243	-11815.842
9590	6	11110110	0.000346	0.000320	0.000197	0.000036	0.000320	0.000196	-11807.950
9600	6	11110110	0.000238	0.000226	0.000149	0.000045	0.000159	0.000125	-11824.137
9610	7	11111110	0.000248	0.000223	0.000119	0.000045	0.000010	0.000183	0.000141	-11822.589
9620	7	11111110	0.000235	0.000211	0.000195	0.000095	0.000073	0.000131	0.000078	-11805.201
9630	5	11100110	0.000282	0.000260	0.000181	0.000211	0.000060	-11818.173
9640	5	11100110	0.000320	0.000299	0.000198	0.000222	0.000138	-11808.659
9650	5	11100110	0.000257	0.000223	0.000200	0.000180	0.000096	-11818.136
9660	6	11110110	0.000260	0.000215	0.000214	0.000170	0.000171	0.000115	-11805.864
9670	8	11111111	0.000275	0.000266	0.000222	0.000163	0.000101	0.000216	0.000022	0.000031	-11816.369
9680	7	11111110	0.000255	0.000233	0.000213	0.000132	0.000102	0.000204	0.000114	-11815.271
9690	6	11111100	0.000339	0.000313	0.000280	0.000178	0.000067	0.000235	-11811.140
9700	7	11111110	0.000339	0.000309	0.000298	0.000173	0.000145	0.000290	0.000202	-11815.901
9710	7	11111110	0.000339	0.000317	0.000291	0.000131	0.000112	0.000147	0.000114	-11811.349
9720	7	11111110	0.000359	0.000328	0.000313	0.000102	0.000043	0.000130	0.000125	-11822.012
9730	6	11100111	0.000375	0.000346	0.000344	0.000271	0.000220	0.000042	-11830.042
9740	6	11110110	0.000418	0.000390	0.000366	0.000217	0.000371	0.000102	-11815.228
9750	7	11111110	0.000359	0.000317	0.000274	0.000123	0.000084	0.000256	0.000226	-11821.899
9760	8	11111111	0.000405	0.000346	0.000323	0.000087	0.000010	0.000309	0.000258	0.000137	-11821.249
9770	7	11110111	0.000432	0.000371	0.000309	0.000094	0.000283	0.000169	0.000129	-11841.749
9780	6	11100111	0.000408	0.000322	0.000231	0.000175	0.000151	0.000130	-11825.928
9790	6	11110110	0.000452	0.000387	0.000383	0.000022	0.000372	0.000280	-11822.871
9800	6	11110110	0.000452	0.000420	0.000383	0.000022	0.000291	0.000275	-11815.224
9810	5	11100110	0.000479	0.000435	0.000421	0.000323	0.000270	-11816.185
9820	5	11100110	0.000412	0.000374	0.000374	0.000288	0.000040	-11824.131
9830	6	11100111	0.000455	0.000425	0.000407	0.000359	0.000152	0.000113	-11812.688
9840	6	11100111	0.000435	0.000409	0.000373	0.000320	0.000222	0.000076	-11807.500
9850	6	11110110	0.000471	0.000427	0.000373	0.000175	0.000238	0.000229	-11825.137
9860	5	11100110	0.000478	0.000363	0.000198	0.000224	0.000133	-11828.677
9870	6	11110110	0.000527	0.000480	0.000160	0.000005	0.000324	0.000170	-11835.574
9880	5	11110100	0.000485	0.000450	0.000344	0.000244	0.000316	-11820.747
9890	5	11100110	0.000530	0.000468	0.000433	0.000239	0.000120	-11825.061
9900	7	11110111	0.000545	0.000489	0.000418	0.000197	0.000444	0.000431	0.000062	-11828.554
9910	5	11100110	0.000414	0.000360	0.000266	0.000301	0.000298	-11819.419
9920	5	11100110	0.000501	0.000457	0.000215	0.000376	0.000374	-11822.802
9930	7	11111110	0.000536	0.000509	0.000265	0.000184	0.000149	0.000493	0.000276	-11812.905
9940	7	11111110	0.000536	0.000496	0.000375	0.000321	0.000314	0.000288	0.000073	-11829.387
9950	7	11111110	0.000529	0.000402	0.000355	0.000310	0.000310	0.000252	0.000010	-11838.218
9960	7	11111110	0.000667	0.000625	0.000506	0.000392	0.000359	0.000550	0.000121	-11820.782
9970	7	11111110	0.000561	0.000535	0.000363	0.000355	0.000155	0.000512	0.000438	-11827.132
9980	7	11111110	0.000700	0.000648	0.000497	0.000320	0.000207	0.000640	0.000575	-11842.122
9990	7	11111110	0.000638	0.000581	0.000472	0.000335	0.000262	0.000565	0.000563	-11832.744
10000	7	11111110	0.000600	0.000549	0.000443	0.000332	0.000301	0.000547	0.000541	-11833.320
