Gen	np	tree	tau_9L_lindrothi_CA_Tioga_LakeL_lindrothi_CA_Long_Valley_CreekL_lindrothi_CA_Deadman_CreekL_lindrothi_CA_Kaiser_PassL_lindrothi_CA_South_Fork_Bishop_CreekL_lindrothi_CA_Emerald_LakeL_lindrothi_CA_East_Fork_Kaweah_RiverL_lindrothi_CA_Sonora_Pass	tau_10L_lindrothi_CA_Tioga_LakeL_lindrothi_CA_Long_Valley_CreekL_lindrothi_CA_Deadman_CreekL_lindrothi_CA_Kaiser_Pass	tau_13L_lindrothi_CA_South_Fork_Bishop_CreekL_lindrothi_CA_Emerald_LakeL_lindrothi_CA_East_Fork_Kaweah_RiverL_lindrothi_CA_Sonora_Pass	tau_14L_lindrothi_CA_Emerald_LakeL_lindrothi_CA_East_Fork_Kaweah_RiverL_lindrothi_CA_Sonora_Pass	lnL
10	6	1111110	0.000487	0.000426	0.000219	0.000001	0.000389	0.000227	-11486.035
20	5	1110110	0.000433	0.000379	0.000184	0.000265	0.000115	-11498.276
30	6	1111110	0.000377	0.000315	0.000044	0.000039	0.000223	0.000155	-11490.904
40	7	1111111	0.000390	0.000384	0.000239	0.000112	0.000266	0.000220	0.000153	-11488.192
50	7	1111111	0.000437	0.000435	0.000350	0.000111	0.000366	0.000337	0.000283	-11505.930
60	7	1111111	0.000413	0.000386	0.000170	0.000076	0.000363	0.000260	0.000193	-11501.856
70	7	1111111	0.000365	0.000266	0.000221	0.000147	0.000316	0.000280	0.000089	-11492.720
80	7	1111111	0.000426	0.000383	0.000378	0.000242	0.000410	0.000182	0.000075	-11484.756
90	7	1111111	0.000423	0.000371	0.000316	0.000255	0.000372	0.000231	0.000107	-11517.915
100	7	1111111	0.000379	0.000348	0.000298	0.000127	0.000361	0.000259	0.000212	-11509.646
110	6	1111110	0.000411	0.000386	0.000380	0.000062	0.000351	0.000208	-11507.963
120	5	1110110	0.000358	0.000345	0.000331	0.000258	0.000121	-11507.982
130	6	1110111	0.000317	0.000253	0.000184	0.000248	0.000110	0.000075	-11493.970
140	5	1110110	0.000355	0.000344	0.000056	0.000227	0.000141	-11508.116
150	4	1100110	0.000337	0.000223	0.000296	0.000104	-11493.793
160	6	1110111	0.000273	0.000230	0.000203	0.000220	0.000112	0.000077	-11492.343
170	7	1111111	0.000273	0.000246	0.000233	0.000082	0.000199	0.000191	0.000138	-11515.910
180	6	1110111	0.000256	0.000166	0.000162	0.000243	0.000235	0.000132	-11489.854
190	6	1110111	0.000272	0.000214	0.000105	0.000225	0.000195	0.000190	-11493.797
200	6	1110111	0.000335	0.000272	0.000153	0.000240	0.000239	0.000234	-11500.960
210	6	1110111	0.000230	0.000094	0.000012	0.000165	0.000164	0.000147	-11505.089
220	5	1100111	0.000270	0.000190	0.000196	0.000145	0.000124	-11486.585
230	7	1111111	0.000293	0.000161	0.000092	0.000006	0.000227	0.000221	0.000060	-11494.716
240	6	1111110	0.000325	0.000282	0.000088	0.000016	0.000277	0.000261	-11480.971
250	7	1111111	0.000325	0.000166	0.000096	0.000076	0.000256	0.000253	0.000243	-11484.003
260	6	1111110	0.000327	0.000246	0.000116	0.000068	0.000270	0.000207	-11487.266
270	7	1111111	0.000310	0.000287	0.000190	0.000112	0.000243	0.000225	0.000035	-11490.806
280	6	1111110	0.000268	0.000239	0.000137	0.000094	0.000173	0.000107	-11489.164
290	5	1110110	0.000292	0.000271	0.000178	0.000177	0.000151	-11487.831
300	6	1110111	0.000282	0.000219	0.000147	0.000195	0.000179	0.000142	-11497.860
310	5	1110110	0.000262	0.000168	0.000127	0.000195	0.000171	-11492.356
320	6	1111110	0.000262	0.000151	0.000127	0.000058	0.000222	0.000132	-11495.597
330	7	1111111	0.000306	0.000173	0.000099	0.000016	0.000261	0.000249	0.000101	-11478.084
340	5	1110110	0.000253	0.000195	0.000054	0.000218	0.000200	-11495.067
350	5	1110110	0.000310	0.000243	0.000183	0.000200	0.000184	-11503.313
360	6	1110111	0.000274	0.000135	0.000084	0.000219	0.000155	0.000028	-11491.515
370	5	1100111	0.000248	0.000148	0.000112	0.000086	0.000055	-11504.148
380	5	1100111	0.000375	0.000177	0.000198	0.000185	0.000058	-11491.779
390	5	1100111	0.000297	0.000202	0.000183	0.000152	0.000024	-11482.197
400	5	1110110	0.000297	0.000097	0.000016	0.000173	0.000088	-11491.762
410	5	1110110	0.000293	0.000262	0.000255	0.000155	0.000016	-11494.351
420	4	1110100	0.000293	0.000282	0.000200	0.000112	-11507.695
430	4	1110100	0.000284	0.000277	0.000240	0.000130	-11492.358
440	6	1111110	0.000298	0.000261	0.000172	0.000062	0.000045	0.000017	-11490.152
450	6	1111110	0.000264	0.000160	0.000088	0.000022	0.000077	0.000061	-11482.721
460	5	1110110	0.000227	0.000195	0.000144	0.000101	0.000087	-11486.056
470	7	1111111	0.000225	0.000214	0.000163	0.000088	0.000090	0.000061	0.000016	-11486.221
480	5	1110110	0.000182	0.000173	0.000125	0.000109	0.000047	-11493.530
490	6	1111110	0.000252	0.000243	0.000157	0.000059	0.000189	0.000035	-11485.769
500	7	1111111	0.000221	0.000212	0.000158	0.000111	0.000099	0.000078	0.000014	-11492.319
510	6	1111110	0.000216	0.000207	0.000156	0.000070	0.000135	0.000109	-11482.843
520	7	1111111	0.000216	0.000203	0.000097	0.000060	0.000177	0.000120	0.000065	-11485.761
530	6	1111110	0.000195	0.000188	0.000171	0.000015	0.000151	0.000130	-11513.783
540	7	1111111	0.000245	0.000235	0.000194	0.000059	0.000201	0.000175	0.000175	-11495.371
550	6	1110111	0.000221	0.000179	0.000162	0.000175	0.000152	0.000086	-11488.676
560	6	1110111	0.000189	0.000188	0.000168	0.000140	0.000122	0.000111	-11493.735
570	6	1110111	0.000221	0.000220	0.000180	0.000159	0.000155	0.000112	-11484.760
580	6	1110111	0.000221	0.000216	0.000077	0.000176	0.000155	0.000073	-11479.332
590	6	1111110	0.000191	0.000145	0.000138	0.000041	0.000180	0.000169	-11495.055
600	6	1110111	0.000212	0.000202	0.000197	0.000193	0.000168	0.000011	-11479.614
610	7	1111111	0.000228	0.000224	0.000217	0.000143	0.000208	0.000181	0.000157	-11483.556
620	6	1110111	0.000257	0.000233	0.000223	0.000218	0.000145	0.000038	-11472.592
630	6	1111110	0.000306	0.000286	0.000263	0.000146	0.000148	0.000095	-11494.850
640	6	1111110	0.000275	0.000267	0.000245	0.000054	0.000159	0.000086	-11488.864
650	7	1111111	0.000290	0.000279	0.000269	0.000026	0.000162	0.000083	0.000070	-11491.781
660	6	1110111	0.000253	0.000253	0.000245	0.000218	0.000087	0.000076	-11494.025
670	6	1110111	0.000265	0.000261	0.000185	0.000209	0.000073	0.000069	-11489.881
680	6	1110111	0.000302	0.000275	0.000205	0.000162	0.000074	0.000067	-11481.786
690	7	1111111	0.000321	0.000250	0.000233	0.000090	0.000105	0.000079	0.000039	-11485.331
700	5	1110110	0.000276	0.000220	0.000064	0.000233	0.000053	-11482.528
710	6	1110111	0.000297	0.000200	0.000186	0.000144	0.000063	0.000002	-11489.222
720	6	1111110	0.000312	0.000210	0.000210	0.000056	0.000276	0.000098	-11495.047
730	7	1111111	0.000300	0.000288	0.000264	0.000039	0.000298	0.000155	0.000082	-11497.457
740	7	1111111	0.000242	0.000229	0.000170	0.000136	0.000225	0.000185	0.000146	-11501.036
750	7	1111111	0.000282	0.000271	0.000268	0.000116	0.000228	0.000222	0.000194	-11498.358
760	6	1111110	0.000373	0.000362	0.000358	0.000322	0.000301	0.000242	-11490.659
770	5	1110110	0.000368	0.000350	0.000339	0.000264	0.000203	-11482.956
780	7	1111111	0.000415	0.000414	0.000266	0.000075	0.000276	0.000262	0.000107	-11497.017
790	7	1111111	0.000351	0.000292	0.000282	0.000160	0.000268	0.000237	0.000031	-11495.596
800	6	1111110	0.000384	0.000331	0.000285	0.000035	0.000239	0.000183	-11489.995
810	6	1110111	0.000357	0.000323	0.000280	0.000323	0.000138	0.000048	-11481.173
820	7	1111111	0.000353	0.000254	0.000147	0.000128	0.000237	0.000115	0.000004	-11483.162
830	6	1111110	0.000404	0.000385	0.000324	0.000020	0.000123	0.000104	-11505.439
840	5	1110110	0.000410	0.000297	0.000231	0.000125	0.000110	-11492.971
850	5	1110110	0.000346	0.000342	0.000170	0.000157	0.000113	-11503.839
860	6	1110111	0.000328	0.000323	0.000111	0.000229	0.000213	0.000213	-11498.386
870	6	1111110	0.000290	0.000251	0.000181	0.000031	0.000236	0.000181	-11498.250
880	6	1110111	0.000332	0.000285	0.000262	0.000188	0.000141	0.000097	-11483.507
890	5	1110110	0.000287	0.000280	0.000220	0.000175	0.000165	-11495.986
900	6	1110111	0.000340	0.000316	0.000212	0.000294	0.000144	0.000114	-11488.335
910	6	1110111	0.000292	0.000259	0.000230	0.000183	0.000072	0.000012	-11498.286
920	6	1111110	0.000382	0.000365	0.000357	0.000065	0.000362	0.000061	-11515.975
930	6	1111110	0.000412	0.000407	0.000368	0.000015	0.000080	0.000068	-11500.763
940	6	1111110	0.000352	0.000350	0.000265	0.000156	0.000273	0.000237	-11498.182
950	7	1111111	0.000394	0.000382	0.000258	0.000154	0.000294	0.000193	0.000048	-11497.064
960	5	1110110	0.000349	0.000298	0.000282	0.000324	0.000201	-11495.879
970	7	1111111	0.000339	0.000299	0.000289	0.000168	0.000281	0.000199	0.000102	-11506.243
980	6	1111110	0.000345	0.000330	0.000293	0.000104	0.000330	0.000273	-11496.173
990	6	1111110	0.000339	0.000285	0.000267	0.000195	0.000282	0.000046	-11489.918
1000	6	1111110	0.000317	0.000245	0.000196	0.000057	0.000262	0.000176	-11483.011
1010	7	1111111	0.000296	0.000263	0.000185	0.000141	0.000270	0.000174	0.000163	-11482.854
1020	6	1110111	0.000282	0.000263	0.000262	0.000216	0.000157	0.000145	-11494.973
1030	6	1110111	0.000365	0.000337	0.000298	0.000239	0.000203	0.000087	-11491.822
1040	6	1111110	0.000347	0.000334	0.000334	0.000104	0.000242	0.000227	-11481.251
1050	6	1111110	0.000431	0.000361	0.000182	0.000059	0.000415	0.000182	-11491.781
1060	5	1110110	0.000403	0.000259	0.000047	0.000342	0.000250	-11483.704
1070	5	1110110	0.000429	0.000288	0.000061	0.000238	0.000173	-11484.692
1080	5	1110110	0.000403	0.000276	0.000254	0.000332	0.000287	-11495.470
1090	6	1110111	0.000354	0.000212	0.000208	0.000277	0.000237	0.000049	-11499.073
1100	7	1111111	0.000359	0.000213	0.000206	0.000063	0.000338	0.000130	0.000114	-11485.475
1110	6	1110111	0.000359	0.000310	0.000277	0.000253	0.000209	0.000172	-11507.379
1120	7	1111111	0.000323	0.000223	0.000119	0.000035	0.000217	0.000204	0.000028	-11492.049
1130	7	1111111	0.000274	0.000260	0.000177	0.000070	0.000188	0.000173	0.000144	-11502.455
1140	7	1111111	0.000279	0.000258	0.000210	0.000129	0.000204	0.000199	0.000173	-11496.565
1150	7	1111111	0.000305	0.000294	0.000131	0.000059	0.000249	0.000174	0.000149	-11484.795
1160	6	1110111	0.000299	0.000285	0.000215	0.000166	0.000163	0.000061	-11498.833
1170	6	1110111	0.000291	0.000227	0.000173	0.000161	0.000160	0.000023	-11498.623
1180	6	1110111	0.000314	0.000276	0.000123	0.000184	0.000160	0.000099	-11493.889
1190	6	1110111	0.000298	0.000270	0.000266	0.000167	0.000164	0.000069	-11498.878
1200	6	1110111	0.000313	0.000295	0.000268	0.000231	0.000220	0.000134	-11507.826
1210	6	1111110	0.000313	0.000278	0.000211	0.000044	0.000180	0.000143	-11500.362
1220	6	1110111	0.000313	0.000220	0.000148	0.000235	0.000055	0.000045	-11489.895
1230	6	1110111	0.000308	0.000100	0.000091	0.000296	0.000225	0.000066	-11490.697
1240	7	1111111	0.000308	0.000185	0.000133	0.000081	0.000249	0.000141	0.000071	-11478.612
1250	7	1111111	0.000308	0.000185	0.000151	0.000136	0.000265	0.000213	0.000081	-11500.827
1260	6	1111110	0.000310	0.000265	0.000251	0.000133	0.000181	0.000151	-11496.246
1270	6	1110111	0.000378	0.000250	0.000197	0.000200	0.000117	0.000066	-11495.813
1280	6	1110111	0.000468	0.000443	0.000401	0.000289	0.000271	0.000222	-11489.573
1290	7	1111111	0.000415	0.000381	0.000364	0.000318	0.000257	0.000241	0.000023	-11513.215
1300	7	1111111	0.000335	0.000273	0.000268	0.000024	0.000244	0.000220	0.000180	-11497.334
1310	7	1111111	0.000399	0.000360	0.000299	0.000034	0.000376	0.000267	0.000140	-11518.819
1320	7	1111111	0.000363	0.000325	0.000252	0.000155	0.000343	0.000231	0.000203	-11494.858
1330	7	1111111	0.000366	0.000360	0.000326	0.000217	0.000332	0.000213	0.000189	-11503.323
1340	7	1111111	0.000323	0.000287	0.000282	0.000277	0.000189	0.000176	0.000173	-11494.668
1350	7	1111111	0.000335	0.000268	0.000259	0.000169	0.000195	0.000184	0.000179	-11507.356
1360	7	1111111	0.000341	0.000313	0.000275	0.000032	0.000274	0.000251	0.000074	-11494.719
1370	7	1111111	0.000301	0.000280	0.000156	0.000114	0.000247	0.000161	0.000149	-11486.586
1380	6	1111110	0.000302	0.000256	0.000191	0.000157	0.000239	0.000116	-11479.297
1390	6	1111110	0.000353	0.000255	0.000241	0.000050	0.000286	0.000181	-11489.246
1400	7	1111111	0.000378	0.000346	0.000249	0.000134	0.000299	0.000171	0.000086	-11482.117
1410	7	1111111	0.000346	0.000341	0.000076	0.000045	0.000190	0.000069	0.000037	-11480.318
1420	5	1100111	0.000311	0.000273	0.000190	0.000031	0.000009	-11494.467
1430	7	1111111	0.000303	0.000225	0.000154	0.000093	0.000196	0.000072	0.000036	-11484.876
1440	7	1111111	0.000252	0.000209	0.000209	0.000056	0.000146	0.000060	0.000054	-11488.635
1450	7	1111111	0.000293	0.000270	0.000240	0.000143	0.000189	0.000082	0.000063	-11489.801
1460	6	1110111	0.000285	0.000272	0.000234	0.000215	0.000098	0.000040	-11484.434
1470	7	1111111	0.000321	0.000318	0.000193	0.000026	0.000215	0.000134	0.000118	-11491.639
1480	7	1111111	0.000327	0.000283	0.000268	0.000051	0.000178	0.000171	0.000162	-11509.415
1490	7	1111111	0.000333	0.000324	0.000309	0.000258	0.000252	0.000217	0.000165	-11491.979
1500	7	1111111	0.000333	0.000276	0.000194	0.000115	0.000283	0.000202	0.000146	-11502.271
1510	7	1111111	0.000452	0.000284	0.000198	0.000033	0.000398	0.000361	0.000203	-11492.351
1520	7	1111111	0.000384	0.000129	0.000051	0.000027	0.000248	0.000240	0.000158	-11485.181
1530	5	1100111	0.000469	0.000229	0.000377	0.000301	0.000148	-11476.923
1540	7	1111111	0.000377	0.000353	0.000217	0.000147	0.000216	0.000197	0.000197	-11489.803
1550	6	1111110	0.000312	0.000299	0.000156	0.000126	0.000282	0.000134	-11500.892
1560	5	1110110	0.000383	0.000321	0.000065	0.000376	0.000268	-11499.547
1570	6	1111110	0.000405	0.000370	0.000035	0.000024	0.000389	0.000366	-11487.831
1580	6	1111110	0.000460	0.000240	0.000031	0.000027	0.000430	0.000399	-11476.236
1590	5	1110110	0.000316	0.000138	0.000111	0.000272	0.000185	-11485.180
1600	6	1110111	0.000348	0.000197	0.000161	0.000267	0.000163	0.000024	-11477.138
1610	5	1110110	0.000310	0.000114	0.000006	0.000277	0.000115	-11487.435
1620	4	1100110	0.000342	0.000241	0.000308	0.000270	-11488.879
1630	5	1100111	0.000329	0.000282	0.000324	0.000200	0.000062	-11493.407
1640	6	1110111	0.000329	0.000239	0.000054	0.000328	0.000066	0.000018	-11486.202
1650	5	1110110	0.000329	0.000249	0.000046	0.000310	0.000100	-11480.784
1660	3	1100100	0.000366	0.000344	0.000344	-11501.349
1670	4	1100110	0.000366	0.000350	0.000310	0.000112	-11501.120
1680	5	1100111	0.000363	0.000315	0.000321	0.000277	0.000245	-11492.451
1690	5	1100111	0.000446	0.000218	0.000367	0.000241	0.000168	-11486.511
1700	6	1110111	0.000382	0.000109	0.000055	0.000320	0.000226	0.000153	-11482.296
1710	6	1110111	0.000413	0.000361	0.000043	0.000264	0.000185	0.000172	-11509.847
1720	5	1100111	0.000389	0.000123	0.000265	0.000251	0.000098	-11493.288
1730	5	1100111	0.000461	0.000413	0.000319	0.000283	0.000210	-11486.792
1740	7	1111111	0.000419	0.000413	0.000218	0.000129	0.000256	0.000176	0.000158	-11496.264
1750	6	1111110	0.000466	0.000276	0.000242	0.000166	0.000423	0.000117	-11487.444
1760	7	1111111	0.000466	0.000438	0.000176	0.000069	0.000235	0.000147	0.000101	-11483.488
1770	6	1111110	0.000353	0.000345	0.000329	0.000274	0.000322	0.000108	-11516.966
1780	6	1110111	0.000375	0.000351	0.000351	0.000259	0.000168	0.000006	-11505.418
1790	6	1111110	0.000425	0.000420	0.000419	0.000359	0.000302	0.000089	-11489.784
1800	6	1111110	0.000408	0.000379	0.000366	0.000294	0.000311	0.000248	-11492.433
1810	7	1111111	0.000471	0.000430	0.000426	0.000203	0.000412	0.000376	0.000259	-11499.298
1820	7	1111111	0.000341	0.000322	0.000308	0.000259	0.000250	0.000194	0.000188	-11502.675
1830	7	1111111	0.000408	0.000382	0.000378	0.000029	0.000337	0.000228	0.000225	-11502.461
1840	6	1110111	0.000408	0.000345	0.000305	0.000339	0.000284	0.000234	-11491.751
1850	6	1110111	0.000401	0.000346	0.000300	0.000354	0.000341	0.000141	-11497.432
1860	6	1111110	0.000371	0.000253	0.000253	0.000068	0.000297	0.000213	-11491.644
1870	7	1111111	0.000429	0.000357	0.000286	0.000161	0.000280	0.000280	0.000139	-11480.858
1880	7	1111111	0.000402	0.000382	0.000329	0.000176	0.000253	0.000247	0.000194	-11493.831
1890	7	1111111	0.000426	0.000341	0.000309	0.000021	0.000268	0.000245	0.000220	-11497.905
1900	6	1110111	0.000432	0.000338	0.000323	0.000277	0.000248	0.000223	-11492.942
1910	6	1111110	0.000480	0.000463	0.000370	0.000253	0.000264	0.000167	-11492.622
1920	6	1111110	0.000497	0.000457	0.000455	0.000085	0.000281	0.000243	-11493.497
1930	7	1111111	0.000524	0.000484	0.000454	0.000257	0.000502	0.000193	0.000109	-11481.149
1940	6	1111110	0.000511	0.000398	0.000302	0.000122	0.000357	0.000172	-11501.329
1950	6	1111110	0.000498	0.000451	0.000418	0.000035	0.000443	0.000175	-11478.791
1960	6	1111110	0.000449	0.000340	0.000296	0.000035	0.000350	0.000141	-11502.167
1970	7	1111111	0.000549	0.000418	0.000361	0.000343	0.000488	0.000439	0.000367	-11488.180
1980	7	1111111	0.000502	0.000446	0.000412	0.000015	0.000493	0.000309	0.000254	-11501.650
1990	5	1110110	0.000490	0.000425	0.000402	0.000445	0.000325	-11491.758
2000	5	1110110	0.000541	0.000192	0.000134	0.000513	0.000185	-11501.725
2010	6	1111110	0.000553	0.000475	0.000125	0.000049	0.000497	0.000226	-11494.579
2020	7	1111111	0.000632	0.000591	0.000240	0.000028	0.000604	0.000322	0.000007	-11491.142
2030	6	1110111	0.000711	0.000561	0.000435	0.000571	0.000280	0.000001	-11498.300
2040	6	1111110	0.000721	0.000634	0.000554	0.000019	0.000436	0.000202	-11505.002
2050	6	1110111	0.000651	0.000585	0.000494	0.000600	0.000539	0.000538	-11499.592
2060	6	1110111	0.000651	0.000525	0.000409	0.000628	0.000596	0.000587	-11490.880
2070	7	1111111	0.000592	0.000423	0.000403	0.000274	0.000571	0.000546	0.000533	-11496.333
2080	7	1111111	0.000701	0.000644	0.000573	0.000051	0.000645	0.000580	0.000577	-11512.595
2090	7	1111111	0.000577	0.000565	0.000307	0.000072	0.000564	0.000464	0.000458	-11507.606
2100	7	1111111	0.000554	0.000384	0.000086	0.000058	0.000499	0.000451	0.000439	-11499.558
2110	7	1111111	0.000455	0.000339	0.000098	0.000065	0.000396	0.000364	0.000358	-11482.194
2120	7	1111111	0.000455	0.000343	0.000294	0.000099	0.000430	0.000355	0.000340	-11484.362
2130	7	1111111	0.000397	0.000329	0.000224	0.000068	0.000371	0.000318	0.000313	-11494.150
2140	6	1111110	0.000409	0.000406	0.000138	0.000033	0.000383	0.000375	-11507.363
2150	7	1111111	0.000313	0.000295	0.000239	0.000115	0.000236	0.000211	0.000032	-11494.230
2160	6	1111110	0.000377	0.000371	0.000284	0.000064	0.000347	0.000245	-11491.226
2170	5	1110110	0.000369	0.000261	0.000069	0.000365	0.000172	-11487.096
2180	6	1111110	0.000369	0.000226	0.000222	0.000158	0.000354	0.000170	-11483.881
2190	7	1111111	0.000330	0.000216	0.000216	0.000118	0.000313	0.000076	0.000018	-11501.733
2200	5	1110110	0.000295	0.000193	0.000193	0.000291	0.000133	-11493.704
2210	7	1111111	0.000263	0.000155	0.000109	0.000048	0.000252	0.000120	0.000014	-11497.159
2220	7	1111111	0.000259	0.000222	0.000156	0.000033	0.000249	0.000101	0.000018	-11500.312
2230	6	1110111	0.000338	0.000309	0.000185	0.000321	0.000294	0.000023	-11502.128
2240	5	1110110	0.000259	0.000196	0.000193	0.000232	0.000178	-11505.916
2250	7	1111111	0.000448	0.000419	0.000364	0.000206	0.000235	0.000191	0.000157	-11488.887
2260	6	1111110	0.000356	0.000334	0.000297	0.000250	0.000304	0.000156	-11496.186
2270	6	1111110	0.000327	0.000288	0.000284	0.000085	0.000282	0.000215	-11496.521
2280	6	1110111	0.000401	0.000315	0.000277	0.000318	0.000293	0.000004	-11494.385
2290	6	1110111	0.000335	0.000257	0.000184	0.000324	0.000312	0.000201	-11501.891
2300	7	1111111	0.000382	0.000178	0.000138	0.000077	0.000344	0.000338	0.000158	-11484.495
2310	7	1111111	0.000392	0.000197	0.000197	0.000083	0.000372	0.000293	0.000266	-11488.792
2320	6	1110111	0.000318	0.000182	0.000178	0.000262	0.000238	0.000206	-11509.482
2330	7	1111111	0.000282	0.000140	0.000075	0.000074	0.000278	0.000186	0.000145	-11494.382
2340	7	1111111	0.000302	0.000227	0.000169	0.000052	0.000293	0.000179	0.000025	-11490.734
2350	7	1111111	0.000257	0.000211	0.000166	0.000125	0.000244	0.000181	0.000144	-11495.792
2360	6	1111110	0.000265	0.000232	0.000136	0.000099	0.000240	0.000156	-11491.496
2370	6	1110111	0.000298	0.000297	0.000239	0.000293	0.000239	0.000227	-11495.141
2380	7	1111111	0.000293	0.000291	0.000273	0.000113	0.000292	0.000239	0.000202	-11492.633
2390	7	1111111	0.000240	0.000232	0.000152	0.000007	0.000227	0.000147	0.000128	-11495.439
2400	7	1111111	0.000247	0.000222	0.000221	0.000074	0.000157	0.000093	0.000080	-11492.012
2410	7	1111111	0.000246	0.000232	0.000220	0.000139	0.000239	0.000207	0.000133	-11497.447
2420	7	1111111	0.000257	0.000246	0.000235	0.000170	0.000237	0.000142	0.000073	-11492.783
2430	6	1111110	0.000316	0.000290	0.000267	0.000049	0.000256	0.000170	-11500.551
2440	6	1110111	0.000292	0.000264	0.000184	0.000270	0.000232	0.000131	-11506.362
2450	5	1110110	0.000291	0.000233	0.000229	0.000215	0.000092	-11489.477
2460	6	1111110	0.000291	0.000181	0.000134	0.000077	0.000287	0.000101	-11499.767
2470	7	1111111	0.000314	0.000232	0.000217	0.000152	0.000276	0.000226	0.000127	-11494.017
2480	6	1110111	0.000310	0.000250	0.000218	0.000257	0.000238	0.000155	-11494.724
2490	7	1111111	0.000301	0.000124	0.000111	0.000009	0.000258	0.000225	0.000157	-11495.902
2500	7	1111111	0.000273	0.000273	0.000223	0.000003	0.000253	0.000207	0.000205	-11484.743
2510	7	1111111	0.000308	0.000263	0.000159	0.000071	0.000280	0.000220	0.000200	-11486.555
2520	7	1111111	0.000314	0.000286	0.000165	0.000130	0.000303	0.000229	0.000219	-11504.899
2530	7	1111111	0.000311	0.000276	0.000152	0.000132	0.000297	0.000223	0.000161	-11493.598
2540	7	1111111	0.000324	0.000228	0.000167	0.000097	0.000276	0.000238	0.000119	-11509.713
2550	6	1111110	0.000354	0.000277	0.000229	0.000183	0.000287	0.000106	-11500.408
2560	7	1111111	0.000335	0.000295	0.000291	0.000240	0.000224	0.000167	0.000099	-11498.760
2570	7	1111111	0.000287	0.000261	0.000237	0.000183	0.000188	0.000162	0.000137	-11503.554
2580	7	1111111	0.000300	0.000293	0.000252	0.000232	0.000206	0.000186	0.000144	-11491.014
2590	7	1111111	0.000264	0.000239	0.000176	0.000081	0.000218	0.000169	0.000136	-11490.721
2600	6	1111110	0.000286	0.000230	0.000195	0.000012	0.000242	0.000227	-11478.888
2610	5	1110110	0.000297	0.000258	0.000232	0.000245	0.000235	-11491.652
2620	7	1111111	0.000361	0.000303	0.000292	0.000068	0.000286	0.000220	0.000172	-11501.311
2630	7	1111111	0.000281	0.000241	0.000175	0.000071	0.000204	0.000190	0.000020	-11485.007
2640	7	1111111	0.000308	0.000264	0.000177	0.000068	0.000234	0.000142	0.000090	-11479.843
2650	6	1110111	0.000313	0.000259	0.000091	0.000189	0.000147	0.000100	-11495.195
2660	6	1110111	0.000321	0.000125	0.000085	0.000231	0.000216	0.000199	-11483.945
2670	6	1110111	0.000402	0.000286	0.000222	0.000302	0.000254	0.000175	-11474.298
2680	7	1111111	0.000349	0.000241	0.000230	0.000113	0.000290	0.000270	0.000267	-11483.477
2690	7	1111111	0.000315	0.000215	0.000188	0.000035	0.000274	0.000269	0.000267	-11478.011
2700	7	1111111	0.000367	0.000286	0.000236	0.000087	0.000319	0.000278	0.000216	-11474.625
2710	6	1110111	0.000373	0.000291	0.000290	0.000261	0.000250	0.000209	-11483.818
2720	7	1111111	0.000361	0.000281	0.000281	0.000076	0.000251	0.000247	0.000188	-11501.309
2730	6	1110111	0.000345	0.000291	0.000244	0.000253	0.000217	0.000216	-11492.151
2740	6	1110111	0.000303	0.000226	0.000142	0.000260	0.000192	0.000106	-11498.922
2750	7	1111111	0.000327	0.000276	0.000270	0.000164	0.000282	0.000258	0.000107	-11487.825
2760	7	1111111	0.000263	0.000234	0.000188	0.000177	0.000224	0.000195	0.000010	-11486.299
2770	7	1111111	0.000304	0.000253	0.000205	0.000033	0.000289	0.000234	0.000068	-11488.916
2780	7	1111111	0.000397	0.000346	0.000319	0.000202	0.000348	0.000217	0.000005	-11493.293
2790	6	1111110	0.000402	0.000335	0.000326	0.000106	0.000347	0.000183	-11486.571
2800	6	1111110	0.000315	0.000255	0.000206	0.000038	0.000276	0.000023	-11501.016
2810	5	1110110	0.000358	0.000311	0.000140	0.000304	0.000222	-11498.636
2820	7	1111111	0.000366	0.000338	0.000247	0.000217	0.000313	0.000233	0.000000	-11492.825
2830	6	1110111	0.000384	0.000292	0.000242	0.000254	0.000109	0.000091	-11486.643
2840	6	1110111	0.000503	0.000498	0.000458	0.000171	0.000145	0.000079	-11500.451
2850	6	1110111	0.000439	0.000437	0.000400	0.000170	0.000154	0.000079	-11487.679
2860	6	1110111	0.000398	0.000397	0.000363	0.000377	0.000237	0.000147	-11492.029
2870	7	1111111	0.000398	0.000357	0.000339	0.000208	0.000335	0.000227	0.000213	-11497.204
2880	7	1111111	0.000341	0.000340	0.000297	0.000069	0.000285	0.000183	0.000107	-11489.864
2890	6	1111110	0.000373	0.000352	0.000309	0.000194	0.000312	0.000158	-11501.549
2900	7	1111111	0.000339	0.000336	0.000303	0.000126	0.000287	0.000269	0.000198	-11493.859
2910	7	1111111	0.000318	0.000276	0.000213	0.000034	0.000243	0.000226	0.000183	-11489.374
2920	7	1111111	0.000322	0.000296	0.000268	0.000088	0.000271	0.000265	0.000200	-11493.784
2930	6	1110111	0.000350	0.000278	0.000217	0.000291	0.000215	0.000196	-11488.944
2940	6	1110111	0.000382	0.000244	0.000236	0.000324	0.000286	0.000195	-11487.975
2950	7	1111111	0.000399	0.000256	0.000248	0.000129	0.000301	0.000269	0.000206	-11492.984
2960	6	1110111	0.000352	0.000322	0.000124	0.000327	0.000281	0.000263	-11483.833
2970	6	1110111	0.000327	0.000281	0.000189	0.000284	0.000253	0.000227	-11487.029
2980	5	1110110	0.000286	0.000176	0.000152	0.000231	0.000220	-11484.947
2990	6	1110111	0.000349	0.000128	0.000093	0.000146	0.000121	0.000081	-11486.551
3000	6	1110111	0.000339	0.000179	0.000148	0.000165	0.000101	0.000038	-11489.436
3010	7	1111111	0.000340	0.000308	0.000237	0.000010	0.000260	0.000159	0.000075	-11470.834
3020	6	1111110	0.000362	0.000227	0.000119	0.000024	0.000242	0.000151	-11490.247
3030	7	1111111	0.000402	0.000343	0.000273	0.000127	0.000300	0.000189	0.000125	-11489.340
3040	7	1111111	0.000389	0.000337	0.000322	0.000077	0.000380	0.000204	0.000148	-11482.083
3050	7	1111111	0.000349	0.000211	0.000201	0.000098	0.000296	0.000274	0.000269	-11489.845
3060	6	1110111	0.000407	0.000250	0.000248	0.000393	0.000386	0.000214	-11494.354
3070	6	1111110	0.000437	0.000340	0.000234	0.000139	0.000417	0.000415	-11498.719
3080	5	1110110	0.000433	0.000333	0.000283	0.000412	0.000410	-11503.527
3090	7	1111111	0.000446	0.000335	0.000327	0.000029	0.000427	0.000361	0.000356	-11499.001
3100	7	1111111	0.000570	0.000541	0.000482	0.000304	0.000528	0.000505	0.000487	-11485.489
3110	6	1111110	0.000466	0.000439	0.000169	0.000092	0.000421	0.000419	-11499.264
3120	7	1111111	0.000507	0.000421	0.000371	0.000290	0.000491	0.000352	0.000250	-11493.723
3130	7	1111111	0.000445	0.000331	0.000321	0.000056	0.000427	0.000367	0.000093	-11490.280
3140	6	1111110	0.000445	0.000315	0.000220	0.000076	0.000316	0.000296	-11494.940
3150	6	1111110	0.000421	0.000295	0.000230	0.000033	0.000392	0.000202	-11486.468
3160	6	1111110	0.000365	0.000328	0.000117	0.000104	0.000243	0.000206	-11482.901
3170	7	1111111	0.000487	0.000151	0.000134	0.000073	0.000344	0.000161	0.000082	-11478.879
3180	7	1111111	0.000545	0.000288	0.000134	0.000030	0.000344	0.000191	0.000128	-11485.940
3190	7	1111111	0.000522	0.000444	0.000382	0.000093	0.000356	0.000204	0.000174	-11491.927
3200	7	1111111	0.000509	0.000437	0.000429	0.000248	0.000396	0.000244	0.000124	-11489.744
3210	7	1111111	0.000529	0.000498	0.000470	0.000053	0.000514	0.000109	0.000053	-11490.979
3220	6	1110111	0.000511	0.000457	0.000452	0.000500	0.000065	0.000054	-11491.910
3230	6	1110111	0.000426	0.000269	0.000187	0.000288	0.000054	0.000037	-11483.922
3240	5	1110110	0.000377	0.000300	0.000278	0.000311	0.000228	-11488.238
3250	6	1111110	0.000319	0.000229	0.000222	0.000000	0.000263	0.000177	-11506.730
3260	6	1110111	0.000288	0.000183	0.000178	0.000235	0.000134	0.000103	-11496.199
3270	7	1111111	0.000315	0.000291	0.000289	0.000077	0.000310	0.000138	0.000100	-11500.123
3280	6	1110111	0.000337	0.000321	0.000315	0.000330	0.000148	0.000137	-11505.638
3290	5	1110110	0.000407	0.000405	0.000310	0.000394	0.000238	-11483.810
3300	6	1110111	0.000323	0.000286	0.000254	0.000308	0.000138	0.000026	-11512.544
3310	7	1111111	0.000364	0.000277	0.000196	0.000084	0.000214	0.000084	0.000006	-11496.632
3320	7	1111111	0.000406	0.000342	0.000339	0.000033	0.000370	0.000181	0.000139	-11497.119
3330	6	1111110	0.000338	0.000243	0.000205	0.000053	0.000274	0.000193	-11490.589
3340	7	1111111	0.000382	0.000380	0.000335	0.000034	0.000323	0.000214	0.000041	-11508.738
3350	7	1111111	0.000469	0.000451	0.000413	0.000258	0.000298	0.000165	0.000137	-11491.736
3360	7	1111111	0.000424	0.000405	0.000359	0.000293	0.000181	0.000103	0.000094	-11511.990
3370	6	1111110	0.000389	0.000308	0.000303	0.000295	0.000349	0.000160	-11499.971
3380	7	1111111	0.000559	0.000478	0.000475	0.000167	0.000275	0.000096	0.000003	-11494.545
3390	6	1111110	0.000494	0.000402	0.000381	0.000123	0.000156	0.000142	-11486.158
3400	7	1111111	0.000379	0.000196	0.000145	0.000120	0.000321	0.000087	0.000076	-11488.002
3410	7	1111111	0.000379	0.000283	0.000170	0.000165	0.000201	0.000170	0.000121	-11491.194
3420	7	1111111	0.000398	0.000335	0.000326	0.000138	0.000176	0.000176	0.000057	-11484.290
3430	7	1111111	0.000325	0.000280	0.000273	0.000170	0.000149	0.000132	0.000096	-11475.264
3440	7	1111111	0.000361	0.000316	0.000256	0.000080	0.000307	0.000290	0.000119	-11486.993
3450	7	1111111	0.000361	0.000267	0.000219	0.000059	0.000292	0.000280	0.000037	-11488.622
3460	6	1110111	0.000260	0.000186	0.000060	0.000194	0.000189	0.000088	-11495.777
3470	5	1110110	0.000334	0.000300	0.000194	0.000249	0.000242	-11487.362
3480	7	1111111	0.000319	0.000299	0.000124	0.000045	0.000277	0.000258	0.000157	-11488.334
3490	7	1111111	0.000344	0.000292	0.000202	0.000078	0.000296	0.000152	0.000111	-11480.802
3500	5	1110110	0.000416	0.000363	0.000342	0.000377	0.000113	-11499.449
3510	4	1110100	0.000417	0.000353	0.000343	0.000392	-11493.943
3520	6	1111110	0.000402	0.000359	0.000355	0.000131	0.000382	0.000011	-11489.245
3530	6	1111110	0.000426	0.000351	0.000271	0.000172	0.000405	0.000085	-11507.022
3540	6	1111110	0.000317	0.000271	0.000212	0.000059	0.000301	0.000092	-11498.070
3550	6	1111110	0.000417	0.000241	0.000207	0.000026	0.000384	0.000286	-11493.338
3560	6	1110111	0.000364	0.000321	0.000246	0.000320	0.000291	0.000152	-11503.622
3570	6	1110111	0.000379	0.000198	0.000191	0.000292	0.000288	0.000218	-11504.758
3580	6	1110111	0.000379	0.000250	0.000217	0.000317	0.000281	0.000267	-11484.491
3590	6	1110111	0.000379	0.000299	0.000292	0.000328	0.000215	0.000014	-11491.821
3600	7	1111111	0.000420	0.000336	0.000298	0.000005	0.000387	0.000231	0.000222	-11476.508
3610	7	1111111	0.000511	0.000312	0.000297	0.000091	0.000493	0.000346	0.000275	-11484.721
3620	6	1110111	0.000511	0.000383	0.000325	0.000447	0.000347	0.000210	-11497.610
3630	6	1110111	0.000577	0.000465	0.000458	0.000377	0.000370	0.000348	-11517.403
3640	7	1111111	0.000577	0.000438	0.000436	0.000286	0.000420	0.000373	0.000167	-11491.199
3650	6	1111110	0.000577	0.000526	0.000432	0.000297	0.000216	0.000109	-11494.620
3660	6	1110111	0.000490	0.000365	0.000183	0.000365	0.000095	0.000014	-11495.952
3670	6	1111110	0.000487	0.000272	0.000272	0.000101	0.000143	0.000102	-11496.542
3680	6	1111110	0.000427	0.000306	0.000295	0.000201	0.000317	0.000111	-11502.835
3690	5	1110110	0.000473	0.000268	0.000236	0.000406	0.000319	-11480.724
3700	5	1110110	0.000404	0.000278	0.000249	0.000343	0.000309	-11504.265
3710	6	1110111	0.000404	0.000346	0.000239	0.000349	0.000076	0.000051	-11499.500
3720	6	1110111	0.000356	0.000314	0.000213	0.000304	0.000056	0.000045	-11506.226
3730	7	1111111	0.000318	0.000250	0.000169	0.000112	0.000241	0.000182	0.000173	-11483.491
3740	7	1111111	0.000357	0.000332	0.000246	0.000182	0.000317	0.000250	0.000193	-11504.323
3750	7	1111111	0.000394	0.000339	0.000292	0.000080	0.000323	0.000257	0.000190	-11513.940
3760	6	1110111	0.000320	0.000305	0.000256	0.000258	0.000179	0.000156	-11500.336
3770	6	1110111	0.000344	0.000322	0.000216	0.000255	0.000197	0.000076	-11495.269
3780	6	1110111	0.000415	0.000412	0.000328	0.000290	0.000131	0.000075	-11493.489
3790	6	1111110	0.000414	0.000369	0.000367	0.000252	0.000258	0.000056	-11516.259
3800	7	1111111	0.000424	0.000385	0.000347	0.000043	0.000211	0.000096	0.000046	-11483.751
3810	6	1111110	0.000418	0.000384	0.000380	0.000174	0.000365	0.000106	-11490.078
3820	6	1111110	0.000346	0.000339	0.000309	0.000182	0.000273	0.000149	-11500.874
3830	6	1110111	0.000424	0.000399	0.000303	0.000336	0.000265	0.000039	-11499.146
3840	5	1110110	0.000382	0.000330	0.000264	0.000272	0.000104	-11483.474
3850	7	1111111	0.000369	0.000212	0.000177	0.000157	0.000252	0.000139	0.000018	-11490.736
3860	6	1111110	0.000359	0.000209	0.000148	0.000026	0.000189	0.000134	-11484.964
3870	6	1111110	0.000447	0.000388	0.000282	0.000151	0.000342	0.000237	-11497.508
3880	7	1111111	0.000444	0.000402	0.000316	0.000307	0.000314	0.000272	0.000090	-11500.721
3890	7	1111111	0.000382	0.000366	0.000271	0.000246	0.000240	0.000216	0.000213	-11498.608
3900	7	1111111	0.000442	0.000438	0.000358	0.000166	0.000391	0.000256	0.000155	-11491.606
3910	7	1111111	0.000383	0.000379	0.000376	0.000226	0.000358	0.000259	0.000071	-11504.573
3920	7	1111111	0.000383	0.000374	0.000322	0.000139	0.000303	0.000163	0.000008	-11489.652
3930	7	1111111	0.000383	0.000352	0.000270	0.000190	0.000351	0.000327	0.000299	-11498.183
3940	7	1111111	0.000353	0.000312	0.000247	0.000232	0.000333	0.000301	0.000005	-11498.617
3950	7	1111111	0.000376	0.000283	0.000253	0.000226	0.000330	0.000322	0.000070	-11496.384
3960	7	1111111	0.000426	0.000357	0.000353	0.000092	0.000381	0.000184	0.000073	-11502.271
3970	6	1110111	0.000351	0.000304	0.000291	0.000200	0.000196	0.000096	-11494.480
3980	6	1111110	0.000394	0.000336	0.000136	0.000129	0.000087	0.000044	-11482.693
3990	6	1111110	0.000300	0.000284	0.000131	0.000042	0.000117	0.000096	-11495.558
4000	7	1111111	0.000359	0.000273	0.000188	0.000104	0.000147	0.000134	0.000008	-11492.882
4010	6	1111110	0.000410	0.000228	0.000108	0.000090	0.000266	0.000160	-11487.373
4020	7	1111111	0.000332	0.000221	0.000193	0.000023	0.000252	0.000202	0.000038	-11480.876
4030	6	1110111	0.000380	0.000230	0.000221	0.000296	0.000289	0.000208	-11488.328
4040	6	1110111	0.000324	0.000285	0.000201	0.000238	0.000204	0.000080	-11489.795
4050	7	1111111	0.000347	0.000227	0.000042	0.000007	0.000288	0.000148	0.000124	-11495.159
4060	6	1111110	0.000347	0.000317	0.000235	0.000170	0.000223	0.000165	-11503.152
4070	6	1111110	0.000449	0.000321	0.000283	0.000128	0.000184	0.000150	-11491.761
4080	7	1111111	0.000451	0.000352	0.000346	0.000171	0.000183	0.000159	0.000052	-11497.102
4090	5	1110110	0.000539	0.000384	0.000382	0.000393	0.000071	-11488.028
4100	5	1110110	0.000668	0.000657	0.000413	0.000177	0.000080	-11503.161
4110	6	1111110	0.000668	0.000597	0.000460	0.000268	0.000231	0.000075	-11491.446
4120	6	1111110	0.000616	0.000592	0.000556	0.000383	0.000509	0.000156	-11490.665
4130	6	1111110	0.000601	0.000578	0.000501	0.000080	0.000369	0.000150	-11483.279
4140	6	1111110	0.000540	0.000496	0.000479	0.000096	0.000420	0.000173	-11479.013
4150	5	1110110	0.000478	0.000435	0.000358	0.000295	0.000208	-11492.461
4160	7	1111111	0.000478	0.000370	0.000290	0.000262	0.000119	0.000116	0.000098	-11479.690
4170	7	1111111	0.000467	0.000381	0.000338	0.000148	0.000116	0.000114	0.000095	-11490.737
4180	7	1111111	0.000588	0.000538	0.000510	0.000325	0.000146	0.000138	0.000126	-11496.446
4190	6	1111110	0.000588	0.000509	0.000423	0.000342	0.000426	0.000270	-11499.060
4200	7	1111111	0.000584	0.000379	0.000313	0.000212	0.000317	0.000248	0.000191	-11490.164
4210	7	1111111	0.000523	0.000368	0.000364	0.000097	0.000436	0.000158	0.000126	-11491.322
4220	6	1111110	0.000477	0.000421	0.000252	0.000089	0.000422	0.000233	-11492.820
4230	5	1110110	0.000424	0.000396	0.000161	0.000334	0.000131	-11481.357
4240	7	1111111	0.000382	0.000337	0.000267	0.000023	0.000232	0.000174	0.000061	-11481.734
4250	6	1111110	0.000432	0.000296	0.000198	0.000043	0.000288	0.000222	-11490.309
4260	6	1110111	0.000434	0.000151	0.000059	0.000349	0.000318	0.000114	-11485.730
4270	6	1111110	0.000434	0.000162	0.000141	0.000119	0.000379	0.000341	-11490.376
4280	7	1111111	0.000554	0.000452	0.000434	0.000244	0.000460	0.000439	0.000051	-11477.527
4290	6	1110111	0.000542	0.000530	0.000502	0.000494	0.000295	0.000121	-11478.609
4300	7	1111111	0.000542	0.000505	0.000493	0.000217	0.000410	0.000248	0.000158	-11485.679
4310	6	1110111	0.000474	0.000462	0.000430	0.000264	0.000183	0.000061	-11486.966
4320	6	1111110	0.000570	0.000556	0.000516	0.000060	0.000443	0.000113	-11502.472
4330	5	1110110	0.000534	0.000513	0.000490	0.000424	0.000162	-11488.326
4340	7	1111111	0.000453	0.000448	0.000436	0.000072	0.000369	0.000157	0.000146	-11490.089
4350	7	1111111	0.000493	0.000493	0.000474	0.000284	0.000281	0.000250	0.000216	-11497.757
4360	7	1111111	0.000400	0.000358	0.000351	0.000075	0.000266	0.000213	0.000124	-11504.420
4370	7	1111111	0.000441	0.000390	0.000387	0.000326	0.000402	0.000233	0.000141	-11496.259
4380	6	1111110	0.000554	0.000543	0.000542	0.000474	0.000182	0.000167	-11504.779
4390	7	1111111	0.000554	0.000527	0.000522	0.000510	0.000204	0.000153	0.000058	-11497.333
4400	7	1111111	0.000658	0.000628	0.000620	0.000603	0.000329	0.000246	0.000027	-11500.054
4410	7	1111111	0.000545	0.000535	0.000509	0.000342	0.000274	0.000230	0.000130	-11504.321
4420	7	1111111	0.000458	0.000443	0.000399	0.000164	0.000380	0.000294	0.000203	-11492.279
4430	7	1111111	0.000496	0.000483	0.000265	0.000146	0.000460	0.000313	0.000304	-11513.587
4440	6	1110111	0.000498	0.000484	0.000399	0.000472	0.000347	0.000090	-11516.580
4450	6	1111110	0.000487	0.000465	0.000457	0.000200	0.000462	0.000240	-11487.011
4460	7	1111111	0.000621	0.000587	0.000582	0.000201	0.000378	0.000321	0.000134	-11492.154
4470	7	1111111	0.000738	0.000697	0.000548	0.000148	0.000326	0.000163	0.000138	-11493.653
4480	5	1110110	0.000709	0.000530	0.000507	0.000185	0.000089	-11492.791
4490	5	1110110	0.000643	0.000418	0.000415	0.000460	0.000373	-11498.336
4500	6	1111110	0.000715	0.000465	0.000462	0.000219	0.000400	0.000242	-11495.342
4510	6	1111110	0.000715	0.000493	0.000465	0.000381	0.000614	0.000171	-11506.873
4520	6	1110111	0.000714	0.000424	0.000368	0.000503	0.000292	0.000172	-11491.472
4530	6	1110111	0.000574	0.000421	0.000282	0.000263	0.000231	0.000174	-11499.640
4540	7	1111111	0.000612	0.000498	0.000404	0.000254	0.000526	0.000347	0.000227	-11485.455
4550	7	1111111	0.000612	0.000435	0.000402	0.000152	0.000435	0.000364	0.000346	-11509.652
4560	6	1110111	0.000464	0.000324	0.000307	0.000292	0.000268	0.000263	-11500.885
4570	7	1111111	0.000608	0.000377	0.000367	0.000291	0.000488	0.000398	0.000103	-11507.854
4580	6	1111110	0.000608	0.000535	0.000386	0.000297	0.000434	0.000394	-11497.983
4590	6	1111110	0.000640	0.000487	0.000398	0.000185	0.000387	0.000126	-11487.031
4600	5	1110110	0.000640	0.000605	0.000566	0.000500	0.000128	-11510.005
4610	7	1111111	0.000517	0.000513	0.000513	0.000119	0.000310	0.000266	0.000173	-11496.935
4620	7	1111111	0.000543	0.000542	0.000532	0.000037	0.000475	0.000402	0.000378	-11498.320
4630	6	1111110	0.000527	0.000521	0.000516	0.000141	0.000372	0.000324	-11501.770
4640	6	1111110	0.000502	0.000470	0.000468	0.000416	0.000406	0.000397	-11505.802
4650	6	1111110	0.000469	0.000426	0.000179	0.000076	0.000308	0.000282	-11497.560
4660	6	1110111	0.000424	0.000417	0.000230	0.000252	0.000238	0.000115	-11501.963
4670	7	1111111	0.000419	0.000409	0.000214	0.000183	0.000249	0.000224	0.000196	-11502.813
4680	6	1111110	0.000377	0.000340	0.000212	0.000033	0.000265	0.000131	-11491.858
4690	7	1111111	0.000377	0.000252	0.000144	0.000072	0.000274	0.000234	0.000210	-11491.572
4700	7	1111111	0.000442	0.000438	0.000352	0.000261	0.000400	0.000261	0.000247	-11507.624
4710	7	1111111	0.000493	0.000469	0.000338	0.000198	0.000336	0.000235	0.000207	-11498.901
4720	6	1110111	0.000463	0.000189	0.000158	0.000296	0.000266	0.000097	-11495.973
4730	5	1110110	0.000512	0.000463	0.000305	0.000347	0.000310	-11493.669
4740	7	1111111	0.000396	0.000369	0.000203	0.000034	0.000310	0.000066	0.000060	-11494.449
4750	7	1111111	0.000381	0.000364	0.000275	0.000160	0.000282	0.000062	0.000016	-11496.487
4760	6	1111110	0.000335	0.000307	0.000298	0.000081	0.000286	0.000206	-11486.023
4770	7	1111111	0.000476	0.000432	0.000356	0.000335	0.000328	0.000220	0.000032	-11506.676
4780	7	1111111	0.000452	0.000425	0.000384	0.000235	0.000325	0.000110	0.000093	-11498.364
4790	5	1110110	0.000414	0.000387	0.000135	0.000365	0.000084	-11485.233
4800	7	1111111	0.000451	0.000350	0.000282	0.000102	0.000380	0.000203	0.000011	-11493.748
4810	5	1110110	0.000522	0.000238	0.000198	0.000320	0.000235	-11497.571
4820	6	1110111	0.000558	0.000469	0.000246	0.000414	0.000212	0.000144	-11490.705
4830	7	1111111	0.000510	0.000464	0.000305	0.000198	0.000377	0.000259	0.000135	-11497.416
4840	6	1111110	0.000553	0.000373	0.000345	0.000097	0.000486	0.000141	-11508.990
4850	6	1111110	0.000553	0.000419	0.000395	0.000219	0.000235	0.000107	-11493.778
4860	6	1111110	0.000634	0.000609	0.000561	0.000347	0.000562	0.000173	-11495.030
4870	6	1111110	0.000606	0.000563	0.000517	0.000286	0.000341	0.000111	-11505.396
4880	7	1111111	0.000529	0.000453	0.000451	0.000354	0.000458	0.000359	0.000183	-11511.800
4890	6	1111110	0.000596	0.000551	0.000526	0.000336	0.000541	0.000150	-11501.523
4900	6	1110111	0.000563	0.000533	0.000512	0.000272	0.000236	0.000139	-11508.570
4910	7	1111111	0.000603	0.000480	0.000456	0.000352	0.000402	0.000344	0.000144	-11508.653
4920	7	1111111	0.000497	0.000433	0.000309	0.000159	0.000367	0.000316	0.000105	-11505.005
4930	6	1111110	0.000489	0.000430	0.000352	0.000267	0.000476	0.000376	-11505.879
4940	6	1110111	0.000468	0.000403	0.000358	0.000412	0.000332	0.000244	-11484.236
4950	6	1110111	0.000445	0.000380	0.000180	0.000344	0.000244	0.000188	-11495.722
4960	5	1110110	0.000442	0.000401	0.000034	0.000321	0.000260	-11489.921
4970	6	1110111	0.000529	0.000168	0.000160	0.000519	0.000447	0.000365	-11507.477
4980	7	1111111	0.000407	0.000282	0.000161	0.000084	0.000402	0.000321	0.000298	-11514.419
4990	7	1111111	0.000407	0.000354	0.000348	0.000038	0.000399	0.000186	0.000025	-11503.984
5000	7	1111111	0.000374	0.000356	0.000214	0.000056	0.000367	0.000335	0.000178	-11511.564
5010	6	1111110	0.000438	0.000389	0.000219	0.000136	0.000402	0.000309	-11496.408
5020	7	1111111	0.000363	0.000343	0.000186	0.000123	0.000305	0.000279	0.000032	-11501.065
5030	6	1110111	0.000416	0.000372	0.000329	0.000368	0.000322	0.000226	-11501.393
5040	6	1110111	0.000529	0.000467	0.000442	0.000416	0.000400	0.000334	-11497.528
5050	7	1111111	0.000491	0.000488	0.000447	0.000327	0.000402	0.000366	0.000364	-11504.764
5060	7	1111111	0.000574	0.000532	0.000505	0.000376	0.000361	0.000347	0.000163	-11501.981
5070	7	1111111	0.000596	0.000477	0.000477	0.000176	0.000530	0.000357	0.000300	-11512.899
5080	7	1111111	0.000524	0.000420	0.000419	0.000315	0.000512	0.000350	0.000315	-11493.136
5090	6	1110111	0.000669	0.000578	0.000556	0.000283	0.000239	0.000198	-11501.374
5100	7	1111111	0.000588	0.000511	0.000366	0.000177	0.000408	0.000182	0.000177	-11503.517
5110	7	1111111	0.000641	0.000632	0.000538	0.000515	0.000496	0.000376	0.000196	-11494.029
5120	7	1111111	0.000623	0.000610	0.000576	0.000134	0.000439	0.000148	0.000096	-11490.444
5130	6	1111110	0.000588	0.000570	0.000544	0.000355	0.000319	0.000257	-11491.216
5140	7	1111111	0.000548	0.000483	0.000473	0.000192	0.000412	0.000243	0.000128	-11509.788
5150	7	1111111	0.000514	0.000466	0.000455	0.000425	0.000419	0.000387	0.000107	-11509.335
5160	7	1111111	0.000540	0.000475	0.000437	0.000244	0.000489	0.000404	0.000320	-11503.041
5170	6	1110111	0.000540	0.000483	0.000330	0.000472	0.000445	0.000412	-11519.690
5180	7	1111111	0.000449	0.000380	0.000295	0.000258	0.000336	0.000237	0.000223	-11490.371
5190	7	1111111	0.000441	0.000353	0.000313	0.000187	0.000286	0.000268	0.000259	-11498.633
5200	7	1111111	0.000440	0.000408	0.000365	0.000286	0.000351	0.000218	0.000218	-11489.265
5210	7	1111111	0.000485	0.000446	0.000436	0.000358	0.000349	0.000284	0.000256	-11509.615
5220	7	1111111	0.000500	0.000429	0.000410	0.000378	0.000394	0.000277	0.000274	-11500.255
5230	7	1111111	0.000535	0.000434	0.000403	0.000368	0.000348	0.000229	0.000198	-11502.700
5240	7	1111111	0.000542	0.000476	0.000312	0.000290	0.000449	0.000286	0.000049	-11498.636
5250	5	1110110	0.000603	0.000479	0.000292	0.000283	0.000163	-11493.280
5260	7	1111111	0.000602	0.000541	0.000393	0.000082	0.000421	0.000140	0.000036	-11497.490
5270	7	1111111	0.000537	0.000531	0.000508	0.000148	0.000350	0.000202	0.000061	-11486.501
5280	6	1110111	0.000647	0.000635	0.000611	0.000349	0.000331	0.000116	-11496.800
5290	7	1111111	0.000490	0.000486	0.000375	0.000236	0.000414	0.000325	0.000171	-11507.681
5300	6	1110111	0.000510	0.000490	0.000436	0.000365	0.000359	0.000060	-11492.561
5310	5	1110110	0.000460	0.000433	0.000070	0.000437	0.000164	-11499.271
5320	6	1111110	0.000514	0.000452	0.000271	0.000091	0.000482	0.000406	-11505.428
5330	7	1111111	0.000595	0.000570	0.000176	0.000093	0.000537	0.000204	0.000083	-11508.784
5340	6	1111110	0.000562	0.000536	0.000488	0.000175	0.000511	0.000321	-11500.258
5350	7	1111111	0.000573	0.000506	0.000456	0.000320	0.000323	0.000269	0.000168	-11488.515
5360	7	1111111	0.000538	0.000445	0.000438	0.000305	0.000374	0.000298	0.000297	-11491.127
5370	7	1111111	0.000453	0.000406	0.000332	0.000187	0.000341	0.000301	0.000215	-11492.986
5380	7	1111111	0.000589	0.000277	0.000084	0.000050	0.000461	0.000347	0.000139	-11505.542
5390	5	1110110	0.000478	0.000452	0.000388	0.000386	0.000384	-11504.867
5400	7	1111111	0.000428	0.000341	0.000327	0.000031	0.000297	0.000216	0.000001	-11483.573
5410	6	1110111	0.000416	0.000321	0.000317	0.000325	0.000252	0.000173	-11485.230
5420	6	1110111	0.000601	0.000478	0.000182	0.000386	0.000385	0.000200	-11480.941
5430	6	1110111	0.000673	0.000584	0.000167	0.000368	0.000356	0.000204	-11514.633
5440	7	1111111	0.000527	0.000520	0.000447	0.000323	0.000472	0.000303	0.000073	-11493.030
5450	6	1111110	0.000475	0.000430	0.000345	0.000174	0.000294	0.000104	-11488.550
5460	7	1111111	0.000475	0.000426	0.000369	0.000068	0.000420	0.000077	0.000038	-11493.127
5470	6	1110111	0.000416	0.000330	0.000239	0.000339	0.000184	0.000064	-11507.355
5480	6	1110111	0.000428	0.000324	0.000271	0.000368	0.000168	0.000072	-11482.665
5490	6	1110111	0.000379	0.000370	0.000349	0.000246	0.000152	0.000146	-11500.784
5500	7	1111111	0.000492	0.000371	0.000356	0.000315	0.000389	0.000253	0.000102	-11504.533
5510	7	1111111	0.000423	0.000340	0.000325	0.000295	0.000412	0.000207	0.000074	-11503.919
5520	6	1111110	0.000444	0.000409	0.000350	0.000302	0.000411	0.000326	-11509.309
5530	6	1111110	0.000383	0.000255	0.000218	0.000160	0.000355	0.000320	-11489.708
5540	7	1111111	0.000354	0.000282	0.000227	0.000091	0.000340	0.000231	0.000177	-11493.342
5550	5	1110110	0.000409	0.000363	0.000292	0.000388	0.000241	-11492.387
5560	6	1110111	0.000434	0.000358	0.000351	0.000331	0.000267	0.000145	-11497.734
5570	6	1110111	0.000410	0.000369	0.000307	0.000367	0.000252	0.000227	-11511.988
5580	7	1111111	0.000458	0.000432	0.000389	0.000113	0.000284	0.000133	0.000061	-11498.132
5590	7	1111111	0.000433	0.000363	0.000362	0.000220	0.000282	0.000207	0.000169	-11487.994
5600	6	1110111	0.000433	0.000384	0.000340	0.000221	0.000130	0.000016	-11499.486
5610	7	1111111	0.000468	0.000317	0.000272	0.000141	0.000445	0.000344	0.000293	-11503.073
5620	7	1111111	0.000516	0.000325	0.000161	0.000133	0.000447	0.000417	0.000178	-11481.983
5630	6	1111110	0.000516	0.000494	0.000241	0.000181	0.000379	0.000106	-11495.372
5640	7	1111111	0.000525	0.000518	0.000448	0.000041	0.000410	0.000401	0.000391	-11493.227
5650	7	1111111	0.000475	0.000297	0.000223	0.000034	0.000385	0.000347	0.000211	-11491.528
5660	5	1110110	0.000605	0.000560	0.000547	0.000538	0.000297	-11510.631
5670	5	1110110	0.000570	0.000517	0.000516	0.000499	0.000071	-11494.641
5680	5	1110110	0.000699	0.000614	0.000613	0.000623	0.000430	-11497.111
5690	7	1111111	0.000597	0.000525	0.000523	0.000202	0.000585	0.000485	0.000167	-11498.172
5700	7	1111111	0.000568	0.000551	0.000498	0.000150	0.000527	0.000396	0.000193	-11497.529
5710	6	1111110	0.000585	0.000517	0.000467	0.000045	0.000381	0.000333	-11499.455
5720	6	1111110	0.000453	0.000299	0.000286	0.000062	0.000444	0.000121	-11505.803
5730	7	1111111	0.000470	0.000444	0.000410	0.000065	0.000393	0.000315	0.000232	-11506.729
5740	7	1111111	0.000489	0.000335	0.000304	0.000200	0.000342	0.000332	0.000294	-11493.782
5750	7	1111111	0.000415	0.000313	0.000288	0.000233	0.000290	0.000246	0.000182	-11507.898
5760	6	1110111	0.000415	0.000355	0.000324	0.000392	0.000156	0.000136	-11491.800
5770	6	1110111	0.000442	0.000344	0.000231	0.000353	0.000323	0.000115	-11505.024
5780	6	1111110	0.000420	0.000378	0.000194	0.000071	0.000261	0.000169	-11502.743
5790	6	1110111	0.000459	0.000380	0.000321	0.000371	0.000318	0.000221	-11501.938
5800	6	1110111	0.000449	0.000207	0.000145	0.000358	0.000155	0.000133	-11510.238
5810	6	1110111	0.000452	0.000336	0.000208	0.000343	0.000127	0.000097	-11509.360
5820	5	1110110	0.000429	0.000214	0.000167	0.000398	0.000219	-11513.173
5830	6	1110111	0.000406	0.000330	0.000202	0.000346	0.000211	0.000007	-11496.772
5840	6	1111110	0.000515	0.000354	0.000323	0.000223	0.000452	0.000164	-11502.401
5850	7	1111111	0.000405	0.000345	0.000337	0.000276	0.000363	0.000248	0.000193	-11489.036
5860	7	1111111	0.000475	0.000340	0.000269	0.000107	0.000346	0.000292	0.000279	-11505.408
5870	7	1111111	0.000424	0.000379	0.000365	0.000169	0.000280	0.000269	0.000208	-11489.722
5880	5	1110110	0.000452	0.000437	0.000426	0.000354	0.000171	-11494.290
5890	6	1110111	0.000398	0.000377	0.000375	0.000333	0.000302	0.000063	-11502.323
5900	7	1111111	0.000452	0.000443	0.000419	0.000048	0.000406	0.000346	0.000191	-11498.450
5910	6	1110111	0.000503	0.000475	0.000466	0.000310	0.000271	0.000229	-11483.508
5920	6	1111110	0.000514	0.000486	0.000484	0.000363	0.000235	0.000149	-11493.663
5930	6	1111110	0.000514	0.000463	0.000412	0.000238	0.000260	0.000097	-11493.677
5940	7	1111111	0.000569	0.000464	0.000438	0.000340	0.000420	0.000197	0.000074	-11480.242
5950	7	1111111	0.000612	0.000549	0.000547	0.000147	0.000468	0.000313	0.000292	-11488.860
5960	7	1111111	0.000578	0.000496	0.000330	0.000107	0.000475	0.000276	0.000235	-11493.565
5970	7	1111111	0.000552	0.000219	0.000171	0.000063	0.000461	0.000346	0.000279	-11485.131
5980	6	1110111	0.000479	0.000375	0.000193	0.000308	0.000287	0.000133	-11499.046
5990	6	1110111	0.000474	0.000415	0.000400	0.000407	0.000292	0.000252	-11487.686
6000	7	1111111	0.000515	0.000498	0.000446	0.000061	0.000505	0.000299	0.000289	-11491.545
6010	7	1111111	0.000515	0.000442	0.000407	0.000110	0.000391	0.000229	0.000177	-11496.410
6020	6	1111110	0.000568	0.000478	0.000450	0.000000	0.000507	0.000210	-11508.287
6030	6	1111110	0.000601	0.000509	0.000414	0.000156	0.000357	0.000132	-11497.037
6040	5	1110110	0.000504	0.000440	0.000210	0.000323	0.000289	-11501.058
6050	5	1110110	0.000447	0.000361	0.000065	0.000196	0.000184	-11493.644
6060	7	1111111	0.000565	0.000291	0.000261	0.000174	0.000297	0.000245	0.000237	-11481.367
6070	6	1111110	0.000451	0.000245	0.000171	0.000143	0.000375	0.000349	-11487.593
6080	7	1111111	0.000414	0.000269	0.000244	0.000217	0.000387	0.000219	0.000013	-11485.686
6090	6	1111110	0.000389	0.000302	0.000249	0.000223	0.000342	0.000326	-11474.180
6100	7	1111111	0.000402	0.000286	0.000259	0.000231	0.000331	0.000090	0.000027	-11489.834
6110	7	1111111	0.000336	0.000282	0.000205	0.000180	0.000247	0.000131	0.000115	-11483.227
6120	6	1110111	0.000426	0.000322	0.000191	0.000382	0.000275	0.000087	-11488.851
6130	5	1110110	0.000375	0.000298	0.000217	0.000335	0.000157	-11493.524
6140	7	1111111	0.000386	0.000372	0.000177	0.000095	0.000320	0.000265	0.000218	-11486.889
6150	6	1110111	0.000434	0.000402	0.000069	0.000382	0.000240	0.000173	-11495.213
6160	7	1111111	0.000455	0.000411	0.000214	0.000059	0.000444	0.000239	0.000231	-11505.337
6170	6	1110111	0.000500	0.000286	0.000249	0.000412	0.000235	0.000206	-11501.502
6180	6	1110111	0.000516	0.000500	0.000196	0.000367	0.000166	0.000150	-11499.909
6190	7	1111111	0.000557	0.000310	0.000282	0.000009	0.000427	0.000321	0.000189	-11495.363
6200	7	1111111	0.000614	0.000456	0.000440	0.000114	0.000574	0.000450	0.000386	-11501.149
6210	6	1110111	0.000491	0.000346	0.000205	0.000436	0.000374	0.000162	-11482.707
6220	5	1110110	0.000542	0.000516	0.000362	0.000405	0.000250	-11490.862
6230	5	1110110	0.000559	0.000394	0.000373	0.000213	0.000141	-11524.424
6240	5	1111100	0.000656	0.000278	0.000212	0.000179	0.000166	-11493.567
6250	5	1111100	0.000547	0.000201	0.000186	0.000126	0.000451	-11500.326
6260	5	1111100	0.000547	0.000251	0.000219	0.000144	0.000521	-11499.274
6270	7	1111111	0.000558	0.000286	0.000285	0.000070	0.000491	0.000126	0.000047	-11501.421
6280	6	1111110	0.000563	0.000491	0.000476	0.000379	0.000499	0.000127	-11498.870
6290	6	1111110	0.000561	0.000484	0.000468	0.000378	0.000460	0.000087	-11499.311
6300	6	1111110	0.000478	0.000453	0.000394	0.000260	0.000397	0.000096	-11506.638
6310	7	1111111	0.000478	0.000415	0.000415	0.000253	0.000302	0.000232	0.000165	-11493.377
6320	7	1111111	0.000478	0.000357	0.000339	0.000097	0.000353	0.000146	0.000110	-11500.056
6330	7	1111111	0.000524	0.000507	0.000404	0.000376	0.000352	0.000205	0.000088	-11495.975
6340	6	1111110	0.000565	0.000517	0.000401	0.000382	0.000304	0.000124	-11498.768
6350	6	1111110	0.000619	0.000519	0.000490	0.000221	0.000503	0.000255	-11492.174
6360	6	1111110	0.000604	0.000533	0.000523	0.000476	0.000237	0.000118	-11490.850
6370	6	1111110	0.000601	0.000595	0.000564	0.000192	0.000572	0.000069	-11508.760
6380	5	1110110	0.000660	0.000618	0.000161	0.000581	0.000089	-11497.899
6390	7	1111111	0.000672	0.000631	0.000570	0.000368	0.000659	0.000168	0.000121	-11506.467
6400	7	1111111	0.000626	0.000459	0.000411	0.000340	0.000534	0.000259	0.000131	-11504.768
6410	7	1111111	0.000626	0.000578	0.000404	0.000334	0.000577	0.000465	0.000304	-11500.471
6420	7	1111111	0.000676	0.000550	0.000465	0.000164	0.000570	0.000310	0.000217	-11499.510
6430	7	1111111	0.000770	0.000714	0.000426	0.000256	0.000540	0.000292	0.000272	-11501.008
6440	7	1111111	0.000767	0.000507	0.000413	0.000382	0.000737	0.000161	0.000098	-11498.474
6450	7	1111111	0.000732	0.000543	0.000488	0.000057	0.000703	0.000154	0.000122	-11504.556
6460	6	1110111	0.000653	0.000604	0.000498	0.000426	0.000263	0.000209	-11505.220
6470	6	1111110	0.000554	0.000491	0.000431	0.000318	0.000479	0.000364	-11493.707
6480	6	1111110	0.000482	0.000371	0.000355	0.000155	0.000185	0.000136	-11480.122
6490	6	1111110	0.000529	0.000420	0.000404	0.000046	0.000424	0.000263	-11510.901
6500	7	1111111	0.000511	0.000499	0.000354	0.000284	0.000290	0.000194	0.000160	-11522.141
6510	7	1111111	0.000512	0.000455	0.000383	0.000084	0.000314	0.000168	0.000141	-11504.736
6520	7	1111111	0.000558	0.000449	0.000428	0.000070	0.000281	0.000256	0.000175	-11506.311
6530	7	1111111	0.000589	0.000501	0.000326	0.000244	0.000545	0.000280	0.000208	-11483.529
6540	6	1110111	0.000526	0.000427	0.000351	0.000403	0.000269	0.000179	-11509.543
6550	5	1110110	0.000481	0.000460	0.000428	0.000224	0.000196	-11499.931
6560	6	1111110	0.000481	0.000358	0.000321	0.000026	0.000380	0.000362	-11491.769
6570	6	1110111	0.000427	0.000339	0.000055	0.000311	0.000285	0.000205	-11499.216
6580	7	1111111	0.000426	0.000316	0.000244	0.000136	0.000283	0.000190	0.000025	-11506.258
6590	7	1111111	0.000321	0.000311	0.000298	0.000220	0.000289	0.000233	0.000079	-11511.581
6600	6	1111110	0.000452	0.000430	0.000420	0.000317	0.000241	0.000179	-11493.904
6610	6	1111110	0.000387	0.000346	0.000297	0.000206	0.000318	0.000089	-11486.645
6620	6	1110111	0.000378	0.000369	0.000332	0.000304	0.000132	0.000052	-11485.458
6630	5	1110110	0.000432	0.000334	0.000330	0.000342	0.000325	-11496.640
6640	7	1111111	0.000377	0.000371	0.000296	0.000113	0.000322	0.000239	0.000223	-11485.636
6650	7	1111111	0.000381	0.000362	0.000250	0.000112	0.000322	0.000275	0.000137	-11502.855
6660	6	1111110	0.000291	0.000243	0.000222	0.000082	0.000214	0.000167	-11490.779
6670	6	1111110	0.000305	0.000285	0.000232	0.000157	0.000282	0.000111	-11493.948
6680	7	1111111	0.000300	0.000288	0.000192	0.000184	0.000216	0.000165	0.000023	-11484.911
6690	6	1111110	0.000266	0.000197	0.000181	0.000148	0.000256	0.000028	-11497.860
6700	6	1111110	0.000238	0.000170	0.000149	0.000085	0.000237	0.000120	-11487.615
6710	6	1111110	0.000275	0.000231	0.000213	0.000120	0.000269	0.000073	-11494.143
6720	6	1111110	0.000266	0.000248	0.000190	0.000076	0.000260	0.000120	-11492.290
6730	6	1110111	0.000266	0.000195	0.000084	0.000232	0.000098	0.000013	-11498.291
6740	5	1110110	0.000268	0.000206	0.000165	0.000247	0.000126	-11507.042
6750	5	1110110	0.000268	0.000228	0.000177	0.000254	0.000195	-11493.457
6760	5	1110110	0.000274	0.000221	0.000159	0.000252	0.000163	-11485.993
6770	5	1110110	0.000287	0.000173	0.000137	0.000234	0.000092	-11482.564
6780	6	1110111	0.000287	0.000161	0.000137	0.000224	0.000183	0.000019	-11485.085
6790	5	1110110	0.000334	0.000183	0.000108	0.000277	0.000182	-11487.657
6800	6	1110111	0.000291	0.000241	0.000207	0.000229	0.000175	0.000131	-11481.480
6810	7	1111111	0.000361	0.000300	0.000256	0.000157	0.000332	0.000230	0.000178	-11500.919
6820	6	1110111	0.000321	0.000312	0.000150	0.000287	0.000160	0.000154	-11486.838
6830	7	1111111	0.000292	0.000282	0.000139	0.000011	0.000192	0.000136	0.000027	-11480.811
6840	6	1110111	0.000294	0.000287	0.000133	0.000142	0.000096	0.000052	-11484.517
6850	7	1111111	0.000300	0.000259	0.000232	0.000002	0.000238	0.000100	0.000093	-11497.319
6860	6	1110111	0.000315	0.000235	0.000220	0.000282	0.000147	0.000114	-11502.025
6870	7	1111111	0.000340	0.000174	0.000168	0.000027	0.000261	0.000151	0.000081	-11496.137
6880	6	1110111	0.000299	0.000263	0.000114	0.000263	0.000134	0.000084	-11494.817
6890	6	1110111	0.000343	0.000297	0.000231	0.000318	0.000235	0.000098	-11493.770
6900	7	1111111	0.000323	0.000280	0.000256	0.000092	0.000315	0.000303	0.000191	-11495.817
6910	5	1110110	0.000366	0.000294	0.000244	0.000358	0.000333	-11514.629
6920	7	1111111	0.000310	0.000199	0.000179	0.000077	0.000292	0.000291	0.000160	-11506.501
6930	6	1110111	0.000354	0.000312	0.000305	0.000344	0.000326	0.000128	-11492.060
6940	7	1111111	0.000262	0.000225	0.000219	0.000063	0.000254	0.000197	0.000151	-11484.860
6950	7	1111111	0.000276	0.000234	0.000131	0.000054	0.000270	0.000109	0.000081	-11487.857
6960	7	1111111	0.000329	0.000301	0.000281	0.000032	0.000327	0.000291	0.000240	-11479.726
6970	6	1110111	0.000327	0.000297	0.000235	0.000273	0.000136	0.000097	-11493.402
6980	7	1111111	0.000336	0.000258	0.000238	0.000217	0.000115	0.000080	0.000041	-11484.328
6990	6	1110111	0.000358	0.000178	0.000075	0.000281	0.000046	0.000019	-11486.159
7000	5	1110110	0.000371	0.000244	0.000213	0.000361	0.000031	-11494.270
7010	4	1110100	0.000437	0.000361	0.000352	0.000270	-11489.267
7020	5	1111100	0.000421	0.000354	0.000340	0.000062	0.000284	-11482.794
7030	6	1111110	0.000507	0.000458	0.000448	0.000319	0.000329	0.000065	-11480.006
7040	6	1111110	0.000579	0.000523	0.000509	0.000027	0.000502	0.000247	-11495.657
7050	6	1111110	0.000530	0.000456	0.000450	0.000016	0.000350	0.000307	-11501.107
7060	6	1110111	0.000587	0.000580	0.000376	0.000571	0.000216	0.000173	-11485.470
7070	6	1111110	0.000542	0.000528	0.000473	0.000100	0.000381	0.000172	-11481.373
7080	7	1111111	0.000565	0.000564	0.000561	0.000104	0.000450	0.000298	0.000213	-11494.974
7090	7	1111111	0.000656	0.000651	0.000643	0.000295	0.000582	0.000389	0.000323	-11486.531
7100	7	1111111	0.000540	0.000519	0.000483	0.000072	0.000338	0.000252	0.000198	-11502.102
7110	6	1110111	0.000585	0.000545	0.000538	0.000535	0.000258	0.000012	-11492.969
7120	6	1111110	0.000486	0.000473	0.000453	0.000253	0.000454	0.000284	-11487.401
7130	5	1110110	0.000582	0.000429	0.000368	0.000562	0.000343	-11498.097
7140	6	1110111	0.000480	0.000448	0.000444	0.000474	0.000377	0.000144	-11496.398
7150	6	1110111	0.000443	0.000398	0.000392	0.000443	0.000372	0.000010	-11490.403
7160	6	1110111	0.000404	0.000368	0.000317	0.000391	0.000177	0.000110	-11503.489
7170	6	1110111	0.000308	0.000284	0.000176	0.000298	0.000135	0.000128	-11487.864
7180	6	1110111	0.000345	0.000321	0.000210	0.000329	0.000250	0.000187	-11489.368
7190	7	1111111	0.000386	0.000353	0.000347	0.000161	0.000367	0.000341	0.000293	-11487.587
7200	7	1111111	0.000456	0.000372	0.000362	0.000162	0.000398	0.000349	0.000291	-11491.334
7210	7	1111111	0.000451	0.000429	0.000367	0.000098	0.000398	0.000343	0.000062	-11480.142
7220	5	1110110	0.000383	0.000361	0.000312	0.000228	0.000163	-11482.210
7230	6	1111110	0.000455	0.000431	0.000394	0.000048	0.000173	0.000110	-11480.491
7240	6	1111110	0.000410	0.000297	0.000291	0.000087	0.000149	0.000062	-11482.296
7250	6	1111110	0.000415	0.000385	0.000189	0.000023	0.000269	0.000204	-11483.709
7260	6	1111110	0.000356	0.000339	0.000222	0.000060	0.000264	0.000109	-11491.278
7270	6	1111110	0.000356	0.000347	0.000280	0.000052	0.000229	0.000222	-11497.760
7280	7	1111111	0.000306	0.000216	0.000174	0.000109	0.000204	0.000164	0.000041	-11506.883
7290	6	1110111	0.000346	0.000306	0.000199	0.000186	0.000160	0.000063	-11486.481
7300	5	1110110	0.000318	0.000152	0.000129	0.000297	0.000246	-11490.120
7310	6	1110111	0.000316	0.000115	0.000105	0.000236	0.000216	0.000132	-11478.669
7320	6	1110111	0.000316	0.000255	0.000078	0.000245	0.000204	0.000072	-11489.543
7330	7	1111111	0.000315	0.000202	0.000186	0.000075	0.000283	0.000246	0.000178	-11485.752
7340	6	1110111	0.000315	0.000242	0.000191	0.000291	0.000233	0.000202	-11490.558
7350	6	1110111	0.000267	0.000258	0.000201	0.000238	0.000179	0.000172	-11478.790
7360	7	1111111	0.000322	0.000312	0.000290	0.000210	0.000238	0.000213	0.000197	-11492.642
7370	7	1111111	0.000304	0.000298	0.000209	0.000165	0.000246	0.000170	0.000163	-11495.259
7380	7	1111111	0.000304	0.000280	0.000266	0.000099	0.000295	0.000181	0.000161	-11489.250
7390	6	1111110	0.000311	0.000203	0.000179	0.000066	0.000285	0.000191	-11511.073
7400	5	1110110	0.000349	0.000348	0.000319	0.000344	0.000325	-11502.734
7410	6	1111110	0.000277	0.000269	0.000201	0.000066	0.000263	0.000199	-11489.054
7420	6	1110111	0.000325	0.000325	0.000287	0.000322	0.000292	0.000133	-11491.876
7430	7	1111111	0.000386	0.000356	0.000341	0.000110	0.000308	0.000253	0.000229	-11480.489
7440	7	1111111	0.000352	0.000337	0.000254	0.000107	0.000291	0.000286	0.000268	-11489.938
7450	7	1111111	0.000356	0.000343	0.000187	0.000018	0.000354	0.000316	0.000299	-11479.947
7460	7	1111111	0.000312	0.000255	0.000207	0.000080	0.000296	0.000264	0.000238	-11488.488
7470	7	1111111	0.000356	0.000343	0.000269	0.000097	0.000344	0.000301	0.000265	-11490.937
7480	6	1110111	0.000362	0.000357	0.000276	0.000355	0.000297	0.000076	-11488.151
7490	6	1110111	0.000364	0.000359	0.000237	0.000297	0.000291	0.000164	-11497.269
7500	7	1111111	0.000406	0.000393	0.000379	0.000210	0.000284	0.000281	0.000188	-11507.751
7510	7	1111111	0.000377	0.000365	0.000364	0.000132	0.000264	0.000228	0.000142	-11496.358
7520	7	1111111	0.000330	0.000311	0.000279	0.000131	0.000293	0.000250	0.000096	-11489.934
7530	7	1111111	0.000344	0.000334	0.000316	0.000037	0.000287	0.000137	0.000086	-11492.742
7540	7	1111111	0.000344	0.000325	0.000322	0.000093	0.000273	0.000104	0.000063	-11493.113
7550	5	1110110	0.000294	0.000291	0.000280	0.000289	0.000059	-11481.806
7560	6	1111110	0.000325	0.000315	0.000309	0.000006	0.000320	0.000027	-11485.211
7570	5	1111100	0.000311	0.000289	0.000267	0.000129	0.000276	-11493.977
7580	4	1110100	0.000274	0.000266	0.000191	0.000259	-11489.750
7590	6	1111110	0.000272	0.000268	0.000210	0.000001	0.000212	0.000059	-11489.972
7600	7	1111111	0.000216	0.000202	0.000114	0.000021	0.000154	0.000113	0.000034	-11476.411
7610	6	1111110	0.000290	0.000274	0.000101	0.000058	0.000156	0.000102	-11482.719
7620	6	1111110	0.000311	0.000291	0.000130	0.000098	0.000214	0.000183	-11505.326
7630	5	1110110	0.000275	0.000243	0.000098	0.000215	0.000035	-11491.274
7640	7	1111111	0.000301	0.000268	0.000220	0.000119	0.000192	0.000093	0.000025	-11490.251
7650	5	1110110	0.000323	0.000305	0.000200	0.000283	0.000202	-11478.116
7660	6	1110111	0.000323	0.000259	0.000198	0.000234	0.000155	0.000043	-11481.230
7670	7	1111111	0.000248	0.000239	0.000226	0.000096	0.000212	0.000177	0.000107	-11504.148
7680	5	1110110	0.000337	0.000336	0.000314	0.000214	0.000118	-11486.849
7690	7	1111111	0.000344	0.000325	0.000313	0.000097	0.000268	0.000159	0.000153	-11500.054
7700	7	1111111	0.000365	0.000323	0.000201	0.000003	0.000333	0.000314	0.000289	-11490.487
7710	6	1111110	0.000380	0.000306	0.000238	0.000029	0.000319	0.000158	-11483.597
7720	7	1111111	0.000340	0.000229	0.000210	0.000019	0.000272	0.000220	0.000047	-11496.104
7730	7	1111111	0.000350	0.000310	0.000182	0.000022	0.000216	0.000209	0.000143	-11503.737
7740	7	1111111	0.000380	0.000374	0.000329	0.000116	0.000291	0.000149	0.000121	-11501.861
7750	6	1110111	0.000359	0.000356	0.000307	0.000190	0.000129	0.000082	-11500.117
7760	7	1111111	0.000398	0.000395	0.000381	0.000138	0.000322	0.000147	0.000114	-11489.986
7770	6	1111110	0.000398	0.000391	0.000367	0.000111	0.000171	0.000151	-11472.142
7780	6	1110111	0.000444	0.000398	0.000364	0.000211	0.000206	0.000024	-11482.821
7790	7	1111111	0.000500	0.000431	0.000181	0.000110	0.000206	0.000105	0.000077	-11480.519
7800	7	1111111	0.000500	0.000499	0.000401	0.000081	0.000257	0.000100	0.000044	-11484.841
7810	6	1111110	0.000439	0.000438	0.000417	0.000026	0.000184	0.000094	-11486.477
7820	7	1111111	0.000472	0.000465	0.000333	0.000205	0.000392	0.000224	0.000095	-11480.424
7830	7	1111111	0.000446	0.000407	0.000394	0.000287	0.000374	0.000363	0.000090	-11487.502
7840	7	1111111	0.000490	0.000413	0.000377	0.000227	0.000459	0.000403	0.000131	-11504.877
7850	7	1111111	0.000458	0.000458	0.000389	0.000204	0.000434	0.000257	0.000068	-11502.296
7860	6	1111110	0.000403	0.000282	0.000161	0.000021	0.000383	0.000212	-11498.273
7870	5	1110110	0.000348	0.000310	0.000221	0.000289	0.000065	-11499.915
7880	5	1110110	0.000366	0.000249	0.000221	0.000287	0.000188	-11485.231
7890	6	1110111	0.000366	0.000297	0.000188	0.000284	0.000100	0.000049	-11495.407
7900	6	1110111	0.000282	0.000260	0.000171	0.000271	0.000196	0.000122	-11493.031
7910	6	1110111	0.000279	0.000253	0.000186	0.000270	0.000171	0.000136	-11487.357
7920	6	1110111	0.000256	0.000211	0.000184	0.000241	0.000200	0.000066	-11495.856
7930	7	1111111	0.000313	0.000297	0.000256	0.000015	0.000266	0.000209	0.000049	-11492.031
7940	7	1111111	0.000356	0.000306	0.000268	0.000056	0.000343	0.000236	0.000114	-11488.929
7950	6	1111110	0.000370	0.000304	0.000304	0.000089	0.000310	0.000229	-11484.940
7960	7	1111111	0.000396	0.000366	0.000325	0.000047	0.000365	0.000096	0.000021	-11496.227
7970	7	1111111	0.000453	0.000401	0.000320	0.000040	0.000176	0.000166	0.000159	-11498.114
7980	7	1111111	0.000357	0.000300	0.000209	0.000058	0.000126	0.000112	0.000101	-11501.081
7990	6	1110111	0.000357	0.000330	0.000305	0.000126	0.000118	0.000036	-11510.348
8000	7	1111111	0.000357	0.000339	0.000320	0.000068	0.000282	0.000065	0.000036	-11489.216
8010	7	1111111	0.000366	0.000318	0.000264	0.000041	0.000361	0.000131	0.000034	-11483.746
8020	7	1111111	0.000329	0.000295	0.000172	0.000040	0.000295	0.000176	0.000005	-11504.695
8030	6	1111110	0.000346	0.000221	0.000212	0.000125	0.000264	0.000222	-11493.663
8040	6	1110111	0.000305	0.000269	0.000190	0.000281	0.000212	0.000104	-11500.464
8050	6	1110111	0.000349	0.000273	0.000153	0.000313	0.000243	0.000110	-11496.465
8060	7	1111111	0.000297	0.000263	0.000205	0.000151	0.000218	0.000174	0.000126	-11493.873
8070	7	1111111	0.000356	0.000318	0.000207	0.000150	0.000311	0.000200	0.000100	-11493.863
8080	7	1111111	0.000368	0.000335	0.000272	0.000008	0.000367	0.000282	0.000034	-11506.252
8090	7	1111111	0.000287	0.000196	0.000127	0.000028	0.000153	0.000118	0.000070	-11505.747
8100	5	1110110	0.000287	0.000269	0.000119	0.000171	0.000143	-11493.706
8110	6	1110111	0.000284	0.000152	0.000081	0.000190	0.000135	0.000106	-11492.778
8120	6	1110111	0.000342	0.000306	0.000171	0.000327	0.000186	0.000180	-11510.627
8130	6	1110111	0.000342	0.000272	0.000230	0.000262	0.000209	0.000137	-11503.776
8140	7	1111111	0.000342	0.000235	0.000231	0.000123	0.000236	0.000231	0.000064	-11501.935
8150	7	1111111	0.000352	0.000222	0.000217	0.000103	0.000278	0.000211	0.000012	-11503.150
8160	6	1111110	0.000338	0.000287	0.000250	0.000077	0.000293	0.000046	-11483.699
8170	7	1111111	0.000334	0.000256	0.000234	0.000031	0.000239	0.000196	0.000038	-11496.908
8180	7	1111111	0.000360	0.000336	0.000248	0.000191	0.000307	0.000167	0.000115	-11488.516
8190	7	1111111	0.000432	0.000393	0.000372	0.000342	0.000415	0.000127	0.000034	-11490.898
8200	6	1111110	0.000462	0.000376	0.000373	0.000254	0.000292	0.000219	-11486.437
8210	7	1111111	0.000462	0.000302	0.000152	0.000145	0.000406	0.000276	0.000254	-11496.152
8220	7	1111111	0.000469	0.000211	0.000206	0.000012	0.000444	0.000384	0.000349	-11496.260
8230	7	1111111	0.000466	0.000447	0.000379	0.000162	0.000441	0.000416	0.000366	-11485.816
8240	7	1111111	0.000484	0.000408	0.000214	0.000172	0.000451	0.000442	0.000035	-11482.992
8250	7	1111111	0.000467	0.000434	0.000265	0.000257	0.000300	0.000267	0.000005	-11489.210
8260	7	1111111	0.000464	0.000284	0.000272	0.000179	0.000386	0.000304	0.000201	-11481.699
8270	7	1111111	0.000407	0.000266	0.000265	0.000164	0.000401	0.000313	0.000059	-11480.817
8280	6	1111110	0.000407	0.000308	0.000251	0.000048	0.000390	0.000160	-11477.417
8290	6	1110111	0.000441	0.000373	0.000142	0.000423	0.000180	0.000077	-11505.311
8300	6	1110111	0.000541	0.000525	0.000466	0.000395	0.000240	0.000109	-11492.508
8310	6	1110111	0.000576	0.000554	0.000474	0.000489	0.000357	0.000150	-11503.974
8320	7	1111111	0.000583	0.000486	0.000263	0.000092	0.000515	0.000152	0.000063	-11500.346
8330	6	1111110	0.000663	0.000553	0.000509	0.000494	0.000590	0.000136	-11493.722
8340	7	1111111	0.000652	0.000561	0.000559	0.000415	0.000292	0.000218	0.000171	-11496.787
8350	7	1111111	0.000699	0.000434	0.000419	0.000261	0.000437	0.000296	0.000227	-11504.340
8360	7	1111111	0.000691	0.000478	0.000417	0.000228	0.000453	0.000298	0.000291	-11497.076
8370	6	1110111	0.000614	0.000474	0.000380	0.000490	0.000367	0.000188	-11511.474
8380	7	1111111	0.000523	0.000340	0.000156	0.000134	0.000478	0.000166	0.000113	-11490.252
8390	6	1110111	0.000477	0.000347	0.000275	0.000435	0.000238	0.000225	-11490.874
8400	6	1110111	0.000495	0.000354	0.000338	0.000453	0.000402	0.000029	-11507.731
8410	6	1111110	0.000449	0.000340	0.000161	0.000113	0.000417	0.000114	-11506.318
8420	5	1110110	0.000385	0.000267	0.000228	0.000376	0.000131	-11494.222
8430	6	1111110	0.000398	0.000275	0.000275	0.000030	0.000372	0.000303	-11497.771
8440	6	1111110	0.000352	0.000246	0.000238	0.000227	0.000349	0.000208	-11496.421
8450	7	1111111	0.000332	0.000273	0.000255	0.000124	0.000319	0.000150	0.000144	-11502.816
8460	6	1110111	0.000377	0.000295	0.000294	0.000354	0.000297	0.000062	-11503.512
8470	6	1110111	0.000339	0.000289	0.000244	0.000315	0.000312	0.000307	-11487.806
8480	7	1111111	0.000369	0.000318	0.000306	0.000078	0.000324	0.000318	0.000087	-11489.550
8490	7	1111111	0.000369	0.000369	0.000325	0.000197	0.000307	0.000276	0.000182	-11499.856
8500	6	1110111	0.000379	0.000377	0.000305	0.000342	0.000285	0.000181	-11476.127
8510	7	1111111	0.000374	0.000335	0.000252	0.000038	0.000350	0.000275	0.000251	-11483.616
8520	6	1111110	0.000326	0.000266	0.000221	0.000062	0.000304	0.000227	-11478.401
8530	6	1111110	0.000323	0.000298	0.000186	0.000001	0.000282	0.000191	-11480.760
8540	4	1100110	0.000323	0.000288	0.000289	0.000152	-11512.578
8550	4	1100110	0.000379	0.000204	0.000287	0.000215	-11515.385
8560	6	1110111	0.000418	0.000176	0.000048	0.000378	0.000249	0.000248	-11490.730
8570	6	1110111	0.000418	0.000332	0.000130	0.000387	0.000331	0.000282	-11496.744
8580	6	1110111	0.000401	0.000277	0.000066	0.000386	0.000324	0.000310	-11503.929
8590	5	1100111	0.000442	0.000363	0.000434	0.000375	0.000179	-11499.743
8600	7	1111111	0.000434	0.000331	0.000163	0.000009	0.000429	0.000211	0.000038	-11495.032
8610	5	1110110	0.000466	0.000371	0.000344	0.000435	0.000078	-11504.043
8620	6	1111110	0.000457	0.000312	0.000294	0.000068	0.000452	0.000215	-11492.891
8630	6	1110111	0.000481	0.000422	0.000341	0.000476	0.000270	0.000033	-11502.359
8640	6	1110111	0.000428	0.000360	0.000304	0.000411	0.000360	0.000218	-11499.166
8650	7	1111111	0.000397	0.000319	0.000310	0.000277	0.000333	0.000239	0.000116	-11496.990
8660	7	1111111	0.000410	0.000329	0.000313	0.000277	0.000277	0.000271	0.000229	-11483.896
8670	7	1111111	0.000338	0.000304	0.000294	0.000201	0.000262	0.000224	0.000174	-11502.277
8680	7	1111111	0.000358	0.000331	0.000308	0.000286	0.000177	0.000169	0.000096	-11492.278
8690	6	1110111	0.000364	0.000329	0.000294	0.000181	0.000172	0.000064	-11496.546
8700	6	1110111	0.000332	0.000232	0.000210	0.000178	0.000174	0.000023	-11486.993
8710	7	1111111	0.000370	0.000270	0.000224	0.000043	0.000198	0.000190	0.000182	-11487.071
8720	7	1111111	0.000434	0.000359	0.000329	0.000001	0.000240	0.000238	0.000230	-11489.618
8730	7	1111111	0.000400	0.000371	0.000252	0.000012	0.000227	0.000216	0.000215	-11501.682
8740	7	1111111	0.000447	0.000282	0.000199	0.000106	0.000415	0.000263	0.000108	-11489.891
8750	6	1111110	0.000452	0.000427	0.000384	0.000232	0.000434	0.000327	-11495.995
8760	6	1111110	0.000482	0.000429	0.000422	0.000190	0.000469	0.000258	-11499.255
8770	6	1111110	0.000384	0.000327	0.000181	0.000079	0.000368	0.000213	-11509.958
8780	6	1110111	0.000468	0.000149	0.000077	0.000457	0.000196	0.000098	-11510.099
8790	7	1111111	0.000455	0.000402	0.000367	0.000196	0.000404	0.000364	0.000281	-11509.650
8800	6	1111110	0.000466	0.000406	0.000403	0.000253	0.000442	0.000283	-11500.654
8810	6	1111110	0.000466	0.000370	0.000356	0.000291	0.000428	0.000356	-11496.259
8820	5	1110110	0.000481	0.000439	0.000430	0.000190	0.000134	-11509.265
8830	6	1110111	0.000437	0.000287	0.000137	0.000252	0.000086	0.000073	-11492.620
8840	7	1111111	0.000493	0.000414	0.000325	0.000270	0.000202	0.000108	0.000088	-11491.465
8850	6	1111110	0.000494	0.000369	0.000240	0.000192	0.000356	0.000298	-11492.506
8860	6	1110111	0.000452	0.000369	0.000310	0.000344	0.000077	0.000007	-11497.888
8870	6	1111110	0.000385	0.000378	0.000234	0.000013	0.000261	0.000213	-11499.757
8880	6	1111110	0.000466	0.000451	0.000434	0.000020	0.000288	0.000162	-11497.648
8890	6	1111110	0.000354	0.000345	0.000310	0.000097	0.000312	0.000296	-11505.625
8900	6	1110111	0.000370	0.000247	0.000132	0.000257	0.000223	0.000220	-11492.050
8910	7	1111111	0.000381	0.000231	0.000147	0.000042	0.000273	0.000180	0.000139	-11494.905
8920	7	1111111	0.000332	0.000295	0.000228	0.000107	0.000268	0.000204	0.000188	-11502.199
8930	7	1111111	0.000345	0.000264	0.000238	0.000128	0.000308	0.000250	0.000236	-11489.408
8940	7	1111111	0.000406	0.000370	0.000133	0.000042	0.000355	0.000236	0.000198	-11507.889
8950	6	1110111	0.000409	0.000294	0.000259	0.000354	0.000288	0.000226	-11486.498
8960	6	1111110	0.000425	0.000329	0.000278	0.000103	0.000421	0.000316	-11494.200
8970	6	1111110	0.000377	0.000312	0.000302	0.000202	0.000373	0.000277	-11514.833
8980	7	1111111	0.000430	0.000399	0.000334	0.000240	0.000320	0.000264	0.000181	-11500.217
8990	6	1110111	0.000347	0.000185	0.000150	0.000346	0.000303	0.000242	-11508.052
9000	7	1111111	0.000377	0.000327	0.000288	0.000224	0.000361	0.000351	0.000336	-11522.650
9010	6	1111110	0.000494	0.000461	0.000397	0.000299	0.000472	0.000372	-11501.555
9020	6	1111110	0.000588	0.000403	0.000373	0.000189	0.000544	0.000134	-11498.600
9030	6	1110111	0.000541	0.000171	0.000157	0.000261	0.000153	0.000049	-11496.508
9040	7	1111111	0.000572	0.000226	0.000209	0.000029	0.000552	0.000238	0.000179	-11485.581
9050	7	1111111	0.000514	0.000499	0.000486	0.000313	0.000378	0.000210	0.000092	-11494.654
9060	7	1111111	0.000555	0.000482	0.000370	0.000196	0.000526	0.000136	0.000070	-11492.997
9070	6	1111110	0.000521	0.000475	0.000444	0.000123	0.000251	0.000204	-11481.496
9080	6	1111110	0.000514	0.000467	0.000467	0.000414	0.000239	0.000234	-11501.892
9090	7	1111111	0.000570	0.000519	0.000519	0.000232	0.000265	0.000260	0.000028	-11497.356
9100	7	1111111	0.000483	0.000479	0.000394	0.000064	0.000249	0.000198	0.000104	-11508.692
9110	7	1111111	0.000503	0.000474	0.000445	0.000196	0.000300	0.000285	0.000222	-11495.821
9120	6	1110111	0.000585	0.000568	0.000434	0.000420	0.000305	0.000241	-11507.200
9130	7	1111111	0.000534	0.000496	0.000487	0.000109	0.000489	0.000246	0.000210	-11483.451
9140	7	1111111	0.000478	0.000409	0.000405	0.000154	0.000354	0.000214	0.000150	-11488.817
9150	5	1110110	0.000460	0.000394	0.000354	0.000444	0.000078	-11487.942
9160	6	1110111	0.000481	0.000390	0.000196	0.000452	0.000143	0.000044	-11488.963
9170	7	1111111	0.000560	0.000294	0.000221	0.000101	0.000534	0.000347	0.000140	-11479.168
9180	7	1111111	0.000482	0.000383	0.000380	0.000062	0.000391	0.000295	0.000246	-11493.299
9190	5	1110110	0.000365	0.000290	0.000209	0.000330	0.000149	-11499.572
9200	5	1110110	0.000550	0.000446	0.000415	0.000307	0.000197	-11485.156
9210	5	1110110	0.000588	0.000536	0.000503	0.000107	0.000068	-11487.564
9220	5	1110110	0.000544	0.000492	0.000466	0.000108	0.000032	-11493.519
9230	6	1110111	0.000533	0.000443	0.000205	0.000269	0.000229	0.000131	-11481.487
9240	6	1110111	0.000533	0.000322	0.000073	0.000316	0.000282	0.000279	-11490.846
9250	6	1110111	0.000438	0.000432	0.000319	0.000386	0.000272	0.000239	-11491.600
9260	7	1111111	0.000455	0.000447	0.000405	0.000001	0.000357	0.000324	0.000307	-11498.422
9270	7	1111111	0.000434	0.000430	0.000375	0.000168	0.000310	0.000306	0.000283	-11497.958
9280	7	1111111	0.000489	0.000484	0.000286	0.000106	0.000362	0.000342	0.000264	-11493.825
9290	6	1110111	0.000387	0.000385	0.000329	0.000287	0.000268	0.000237	-11516.244
9300	6	1110111	0.000387	0.000385	0.000196	0.000312	0.000272	0.000269	-11498.237
9310	6	1111110	0.000352	0.000344	0.000236	0.000144	0.000303	0.000172	-11504.960
9320	7	1111111	0.000375	0.000362	0.000316	0.000213	0.000273	0.000117	0.000102	-11487.004
9330	7	1111111	0.000380	0.000336	0.000265	0.000157	0.000319	0.000253	0.000037	-11480.177
9340	6	1110111	0.000478	0.000475	0.000385	0.000404	0.000171	0.000003	-11486.246
9350	6	1110111	0.000407	0.000405	0.000316	0.000354	0.000153	0.000012	-11495.288
9360	7	1111111	0.000513	0.000463	0.000428	0.000153	0.000363	0.000165	0.000094	-11508.108
9370	6	1111110	0.000454	0.000404	0.000352	0.000239	0.000288	0.000105	-11508.781
9380	6	1111110	0.000400	0.000362	0.000310	0.000244	0.000229	0.000188	-11503.632
9390	6	1111110	0.000413	0.000314	0.000248	0.000116	0.000338	0.000226	-11499.277
9400	7	1111111	0.000294	0.000200	0.000064	0.000017	0.000288	0.000225	0.000212	-11501.275
9410	7	1111111	0.000346	0.000319	0.000177	0.000122	0.000330	0.000312	0.000110	-11491.724
9420	7	1111111	0.000380	0.000326	0.000220	0.000092	0.000187	0.000163	0.000074	-11485.138
9430	5	1110110	0.000349	0.000329	0.000170	0.000228	0.000096	-11499.846
9440	6	1110111	0.000402	0.000259	0.000189	0.000241	0.000179	0.000149	-11490.680
9450	7	1111111	0.000342	0.000272	0.000249	0.000219	0.000286	0.000214	0.000104	-11519.971
9460	7	1111111	0.000355	0.000331	0.000091	0.000052	0.000321	0.000286	0.000159	-11516.945
9470	7	1111111	0.000355	0.000254	0.000243	0.000067	0.000345	0.000314	0.000054	-11517.227
9480	7	1111111	0.000381	0.000252	0.000153	0.000108	0.000349	0.000166	0.000162	-11505.100
9490	7	1111111	0.000473	0.000407	0.000335	0.000088	0.000411	0.000214	0.000164	-11499.020
9500	7	1111111	0.000422	0.000313	0.000306	0.000097	0.000387	0.000223	0.000090	-11496.587
9510	7	1111111	0.000422	0.000308	0.000307	0.000300	0.000315	0.000278	0.000217	-11497.158
9520	7	1111111	0.000425	0.000355	0.000242	0.000072	0.000311	0.000295	0.000257	-11490.884
9530	7	1111111	0.000436	0.000286	0.000177	0.000077	0.000286	0.000251	0.000184	-11489.312
9540	7	1111111	0.000465	0.000362	0.000282	0.000110	0.000298	0.000246	0.000220	-11508.154
9550	7	1111111	0.000483	0.000396	0.000350	0.000205	0.000310	0.000228	0.000109	-11492.006
9560	7	1111111	0.000458	0.000268	0.000267	0.000093	0.000306	0.000281	0.000124	-11490.605
9570	7	1111111	0.000454	0.000363	0.000327	0.000215	0.000394	0.000366	0.000138	-11507.161
9580	7	1111111	0.000429	0.000389	0.000342	0.000223	0.000213	0.000174	0.000146	-11500.302
9590	7	1111111	0.000423	0.000399	0.000371	0.000092	0.000173	0.000134	0.000132	-11510.141
9600	7	1111111	0.000412	0.000350	0.000321	0.000134	0.000182	0.000160	0.000075	-11494.292
9610	6	1111110	0.000361	0.000307	0.000294	0.000108	0.000336	0.000162	-11486.467
9620	7	1111111	0.000406	0.000373	0.000315	0.000060	0.000298	0.000154	0.000115	-11486.221
9630	6	1111110	0.000313	0.000204	0.000185	0.000030	0.000308	0.000162	-11507.364
9640	7	1111111	0.000363	0.000265	0.000232	0.000051	0.000331	0.000228	0.000226	-11495.082
9650	7	1111111	0.000389	0.000284	0.000188	0.000036	0.000293	0.000262	0.000258	-11502.028
9660	7	1111111	0.000417	0.000361	0.000351	0.000227	0.000320	0.000287	0.000083	-11499.435
9670	6	1110111	0.000391	0.000291	0.000229	0.000277	0.000265	0.000197	-11481.202
9680	6	1110111	0.000364	0.000209	0.000143	0.000268	0.000216	0.000137	-11497.321
9690	7	1111111	0.000358	0.000335	0.000192	0.000123	0.000341	0.000263	0.000126	-11497.520
9700	7	1111111	0.000359	0.000303	0.000294	0.000151	0.000299	0.000125	0.000062	-11492.475
9710	7	1111111	0.000344	0.000328	0.000322	0.000174	0.000280	0.000108	0.000011	-11481.309
9720	6	1111110	0.000362	0.000350	0.000262	0.000186	0.000333	0.000079	-11499.205
9730	7	1111111	0.000404	0.000361	0.000347	0.000192	0.000301	0.000271	0.000035	-11491.196
9740	6	1111110	0.000369	0.000319	0.000309	0.000255	0.000328	0.000205	-11486.337
9750	6	1111110	0.000393	0.000314	0.000312	0.000292	0.000353	0.000196	-11494.008
9760	6	1111110	0.000452	0.000378	0.000352	0.000334	0.000363	0.000121	-11491.522
9770	7	1111111	0.000429	0.000228	0.000165	0.000125	0.000331	0.000113	0.000041	-11484.537
9780	7	1111111	0.000385	0.000292	0.000202	0.000187	0.000316	0.000165	0.000118	-11486.115
9790	7	1111111	0.000499	0.000404	0.000269	0.000249	0.000299	0.000205	0.000004	-11502.573
9800	6	1110111	0.000468	0.000448	0.000447	0.000235	0.000198	0.000180	-11497.642
9810	6	1111110	0.000527	0.000512	0.000498	0.000098	0.000424	0.000281	-11496.441
9820	6	1111110	0.000535	0.000408	0.000401	0.000119	0.000495	0.000442	-11507.958
9830	7	1111111	0.000522	0.000492	0.000439	0.000392	0.000503	0.000427	0.000241	-11507.903
9840	7	1111111	0.000522	0.000431	0.000422	0.000013	0.000427	0.000315	0.000297	-11499.056
9850	7	1111111	0.000475	0.000390	0.000384	0.000169	0.000444	0.000346	0.000284	-11507.295
9860	6	1110111	0.000480	0.000462	0.000394	0.000473	0.000373	0.000217	-11504.140
9870	7	1111111	0.000396	0.000376	0.000325	0.000130	0.000381	0.000193	0.000079	-11497.386
9880	7	1111111	0.000479	0.000345	0.000215	0.000018	0.000411	0.000142	0.000136	-11507.427
9890	7	1111111	0.000414	0.000390	0.000254	0.000182	0.000392	0.000134	0.000103	-11507.133
9900	7	1111111	0.000354	0.000286	0.000278	0.000129	0.000287	0.000097	0.000055	-11493.917
9910	7	1111111	0.000402	0.000296	0.000253	0.000201	0.000251	0.000195	0.000134	-11486.068
9920	6	1110111	0.000371	0.000336	0.000277	0.000363	0.000305	0.000146	-11502.958
9930	6	1111110	0.000441	0.000363	0.000355	0.000113	0.000425	0.000294	-11502.831
9940	5	1110110	0.000402	0.000308	0.000306	0.000299	0.000188	-11500.590
9950	6	1111110	0.000486	0.000312	0.000283	0.000146	0.000440	0.000145	-11501.363
9960	6	1111110	0.000411	0.000343	0.000319	0.000272	0.000387	0.000363	-11502.569
9970	7	1111111	0.000462	0.000385	0.000370	0.000115	0.000436	0.000272	0.000056	-11480.845
9980	6	1111110	0.000424	0.000351	0.000351	0.000084	0.000394	0.000122	-11495.603
9990	7	1111111	0.000419	0.000349	0.000337	0.000079	0.000333	0.000063	0.000017	-11497.720
10000	6	1111110	0.000376	0.000323	0.000320	0.000227	0.000305	0.000066	-11500.106
