Gen	np	tree	tau_10L_disjuncta_CA_Emerson_CreekL_disjuncta_OR_Lostine_RiverL_disjuncta_ID_Salmon_RiverL_disjuncta_BC_Summit_CreekL_disjuncta_MT_Mill_CreekL_disjuncta_CA_Lily_LakeL_disjuncta_OR_Mt_HoodL_disjuncta_CA_Salmon_CreekL_disjuncta_CA_Trinity_Alps	tau_11L_disjuncta_CA_Emerson_CreekL_disjuncta_OR_Lostine_RiverL_disjuncta_ID_Salmon_RiverL_disjuncta_BC_Summit_CreekL_disjuncta_MT_Mill_Creek	tau_12L_disjuncta_OR_Lostine_RiverL_disjuncta_ID_Salmon_RiverL_disjuncta_BC_Summit_CreekL_disjuncta_MT_Mill_Creek	lnL
10	8	11111111	0.000623	0.000396	0.000367	0.000272	0.000164	0.000473	0.000470	0.000135	-11450.409
20	8	11111111	0.000637	0.000405	0.000353	0.000174	0.000117	0.000602	0.000447	0.000071	-11443.347
30	8	11111111	0.000627	0.000546	0.000414	0.000396	0.000388	0.000603	0.000423	0.000120	-11449.620
40	8	11111111	0.000507	0.000434	0.000432	0.000279	0.000061	0.000348	0.000309	0.000112	-11435.928
50	6	11100111	0.000602	0.000442	0.000395	0.000530	0.000516	0.000318	-11442.574
60	6	11100111	0.000577	0.000469	0.000434	0.000453	0.000421	0.000211	-11441.543
70	6	11100111	0.000584	0.000416	0.000373	0.000533	0.000532	0.000307	-11439.253
80	6	11100111	0.000615	0.000510	0.000454	0.000581	0.000559	0.000386	-11435.876
90	5	11100110	0.000664	0.000635	0.000582	0.000654	0.000395	-11439.687
100	5	11100110	0.000584	0.000527	0.000512	0.000568	0.000547	-11436.042
110	6	11100111	0.000588	0.000587	0.000538	0.000571	0.000446	0.000333	-11452.773
120	6	11100111	0.000521	0.000515	0.000477	0.000504	0.000343	0.000288	-11438.648
130	6	11100111	0.000484	0.000437	0.000415	0.000476	0.000245	0.000266	-11442.477
140	6	11100111	0.000486	0.000461	0.000458	0.000472	0.000357	0.000309	-11438.621
150	7	11110111	0.000444	0.000421	0.000418	0.000011	0.000402	0.000402	0.000167	-11441.178
160	6	11100111	0.000485	0.000461	0.000458	0.000470	0.000316	0.000348	-11442.432
170	6	11100111	0.000489	0.000461	0.000461	0.000425	0.000405	0.000184	-11435.516
180	7	11110111	0.000598	0.000513	0.000468	0.000056	0.000503	0.000483	0.000227	-11445.670
190	6	11110110	0.000487	0.000453	0.000395	0.000333	0.000463	0.000311	-11455.591
200	6	11110110	0.000511	0.000508	0.000428	0.000106	0.000468	0.000459	-11436.731
210	7	11110111	0.000411	0.000389	0.000283	0.000204	0.000368	0.000213	0.000031	-11446.095
220	7	11111110	0.000465	0.000426	0.000380	0.000363	0.000280	0.000365	0.000342	-11438.851
230	8	11111111	0.000416	0.000397	0.000325	0.000300	0.000277	0.000357	0.000355	0.000064	-11435.336
240	8	11111111	0.000406	0.000394	0.000344	0.000343	0.000287	0.000354	0.000337	0.000021	-11435.973
250	7	11111110	0.000351	0.000349	0.000316	0.000302	0.000274	0.000297	0.000131	-11439.135
260	7	11111110	0.000394	0.000389	0.000375	0.000360	0.000212	0.000264	0.000245	-11430.798
270	7	11111110	0.000447	0.000441	0.000373	0.000323	0.000229	0.000388	0.000289	-11445.584
280	8	11111111	0.000409	0.000326	0.000304	0.000224	0.000193	0.000220	0.000202	0.000068	-11443.069
290	8	11111111	0.000520	0.000507	0.000479	0.000284	0.000179	0.000468	0.000315	0.000126	-11433.500
300	8	11111111	0.000412	0.000397	0.000338	0.000254	0.000114	0.000389	0.000195	0.000130	-11441.861
310	8	11111111	0.000488	0.000393	0.000286	0.000220	0.000141	0.000439	0.000294	0.000152	-11448.338
320	8	11111111	0.000489	0.000461	0.000434	0.000215	0.000124	0.000454	0.000286	0.000095	-11449.530
330	8	11111111	0.000523	0.000513	0.000432	0.000429	0.000076	0.000516	0.000337	0.000160	-11449.044
340	8	11111111	0.000445	0.000417	0.000405	0.000365	0.000221	0.000410	0.000257	0.000242	-11452.873
350	8	11111111	0.000453	0.000438	0.000358	0.000288	0.000233	0.000400	0.000247	0.000210	-11451.692
360	8	11111111	0.000421	0.000364	0.000320	0.000235	0.000168	0.000345	0.000233	0.000272	-11452.178
370	8	11111111	0.000343	0.000319	0.000315	0.000314	0.000218	0.000323	0.000173	0.000188	-11450.894
380	8	11111111	0.000413	0.000411	0.000403	0.000401	0.000308	0.000363	0.000315	0.000202	-11442.194
390	8	11111111	0.000417	0.000411	0.000373	0.000372	0.000334	0.000378	0.000248	0.000121	-11439.801
400	8	11111111	0.000523	0.000474	0.000472	0.000472	0.000435	0.000453	0.000267	0.000349	-11431.853
410	8	11111111	0.000436	0.000406	0.000405	0.000374	0.000323	0.000425	0.000306	0.000401	-11448.864
420	8	11111111	0.000445	0.000432	0.000426	0.000391	0.000363	0.000433	0.000366	0.000354	-11444.663
430	8	11111111	0.000534	0.000499	0.000488	0.000461	0.000415	0.000518	0.000407	0.000419	-11444.531
440	8	11111111	0.000444	0.000443	0.000394	0.000381	0.000345	0.000430	0.000378	0.000218	-11435.486
450	8	11111111	0.000564	0.000563	0.000500	0.000466	0.000403	0.000545	0.000399	0.000493	-11442.496
460	8	11111111	0.000473	0.000461	0.000409	0.000382	0.000370	0.000466	0.000262	0.000030	-11442.655
470	7	11111110	0.000466	0.000450	0.000384	0.000376	0.000364	0.000453	0.000273	-11447.496
480	8	11111111	0.000471	0.000453	0.000407	0.000405	0.000386	0.000468	0.000309	0.000048	-11450.666
490	8	11111111	0.000471	0.000446	0.000434	0.000428	0.000384	0.000452	0.000284	0.000033	-11442.847
500	8	11111111	0.000418	0.000413	0.000402	0.000345	0.000119	0.000396	0.000270	0.000144	-11432.909
510	7	11111110	0.000450	0.000443	0.000421	0.000284	0.000168	0.000449	0.000446	-11445.767
520	7	11111110	0.000443	0.000441	0.000397	0.000382	0.000264	0.000424	0.000402	-11440.122
530	8	11111111	0.000452	0.000440	0.000427	0.000350	0.000033	0.000438	0.000419	0.000090	-11440.113
540	7	11111110	0.000728	0.000686	0.000627	0.000364	0.000153	0.000702	0.000670	-11457.195
550	8	11111111	0.000518	0.000428	0.000415	0.000279	0.000136	0.000512	0.000486	0.000468	-11452.094
560	7	11111110	0.000583	0.000566	0.000395	0.000266	0.000107	0.000553	0.000500	-11452.260
570	7	11111110	0.000583	0.000463	0.000303	0.000203	0.000179	0.000536	0.000224	-11455.874
580	8	11111111	0.000739	0.000661	0.000341	0.000336	0.000257	0.000720	0.000666	0.000067	-11453.907
590	8	11111111	0.000701	0.000641	0.000534	0.000329	0.000247	0.000664	0.000631	0.000549	-11448.175
600	8	11111111	0.000791	0.000717	0.000561	0.000530	0.000336	0.000759	0.000577	0.000251	-11436.672
610	7	11111110	0.000780	0.000762	0.000537	0.000497	0.000415	0.000737	0.000720	-11441.672
620	8	11111111	0.000780	0.000779	0.000715	0.000634	0.000325	0.000778	0.000641	0.000501	-11460.934
630	8	11111111	0.000715	0.000690	0.000655	0.000521	0.000267	0.000713	0.000677	0.000679	-11454.737
640	8	11111111	0.000708	0.000592	0.000576	0.000510	0.000340	0.000674	0.000671	0.000670	-11454.397
650	8	11111111	0.000826	0.000764	0.000702	0.000488	0.000371	0.000808	0.000730	0.000781	-11447.172
660	8	11111111	0.000551	0.000536	0.000420	0.000349	0.000263	0.000546	0.000411	0.000242	-11446.270
670	8	11111111	0.000580	0.000531	0.000448	0.000399	0.000375	0.000576	0.000419	0.000247	-11447.677
680	8	11111111	0.000697	0.000660	0.000598	0.000566	0.000551	0.000693	0.000463	0.000582	-11453.495
690	8	11111111	0.000669	0.000654	0.000648	0.000531	0.000527	0.000610	0.000578	0.000459	-11456.325
700	8	11111111	0.000669	0.000658	0.000634	0.000532	0.000527	0.000609	0.000399	0.000083	-11458.149
710	7	11111110	0.000654	0.000619	0.000611	0.000511	0.000484	0.000567	0.000538	-11453.152
720	7	11111110	0.000690	0.000593	0.000491	0.000384	0.000296	0.000667	0.000609	-11443.561
730	8	11111111	0.000862	0.000815	0.000655	0.000473	0.000255	0.000859	0.000527	0.000171	-11449.488
740	7	11111110	0.000898	0.000718	0.000598	0.000502	0.000392	0.000847	0.000589	-11447.874
750	8	11111111	0.001073	0.000847	0.000790	0.000581	0.000466	0.000994	0.000840	0.000370	-11464.665
760	8	11111111	0.000842	0.000770	0.000719	0.000409	0.000352	0.000618	0.000539	0.000554	-11454.840
770	8	11111111	0.001065	0.001017	0.000947	0.000317	0.000299	0.000876	0.000607	0.000576	-11457.148
780	7	11110111	0.001034	0.001005	0.000797	0.000336	0.001007	0.000916	0.000326	-11460.842
790	8	11111111	0.001034	0.000916	0.000619	0.000321	0.000005	0.001010	0.000942	0.000643	-11461.391
800	7	11110111	0.000826	0.000801	0.000628	0.000082	0.000772	0.000768	0.000286	-11453.235
810	7	11110111	0.000848	0.000615	0.000524	0.000292	0.000789	0.000788	0.000491	-11448.175
820	7	11110111	0.000686	0.000562	0.000463	0.000066	0.000639	0.000594	0.000246	-11434.352
830	8	11111111	0.000660	0.000613	0.000249	0.000154	0.000026	0.000585	0.000563	0.000288	-11443.340
840	8	11111111	0.000683	0.000558	0.000109	0.000055	0.000042	0.000481	0.000469	0.000443	-11451.256
850	8	11111111	0.000818	0.000609	0.000157	0.000054	0.000050	0.000576	0.000474	0.000531	-11439.509
860	8	11111111	0.000746	0.000689	0.000504	0.000047	0.000045	0.000514	0.000464	0.000271	-11436.298
870	8	11111111	0.000754	0.000600	0.000295	0.000267	0.000138	0.000402	0.000250	0.000336	-11445.917
880	8	11111111	0.000717	0.000592	0.000306	0.000207	0.000207	0.000628	0.000401	0.000410	-11453.676
890	7	11111110	0.000610	0.000570	0.000513	0.000176	0.000176	0.000560	0.000447	-11447.803
900	8	11111111	0.000527	0.000506	0.000367	0.000145	0.000124	0.000444	0.000435	0.000005	-11451.547
910	8	11111111	0.000479	0.000383	0.000227	0.000141	0.000112	0.000446	0.000380	0.000129	-11448.411
920	7	11111110	0.000453	0.000278	0.000235	0.000111	0.000041	0.000448	0.000403	-11439.539
930	7	11111110	0.000483	0.000394	0.000300	0.000159	0.000138	0.000480	0.000427	-11442.777
940	8	11111111	0.000695	0.000491	0.000484	0.000214	0.000194	0.000638	0.000615	0.000074	-11463.668
950	7	11111110	0.000439	0.000308	0.000306	0.000225	0.000166	0.000304	0.000294	-11438.730
960	8	11111111	0.000483	0.000343	0.000334	0.000202	0.000130	0.000262	0.000252	0.000014	-11440.753
970	8	11111111	0.000472	0.000417	0.000387	0.000345	0.000074	0.000442	0.000269	0.000117	-11438.656
980	8	11111111	0.000561	0.000489	0.000454	0.000448	0.000436	0.000545	0.000499	0.000197	-11438.467
990	8	11111111	0.000524	0.000496	0.000414	0.000408	0.000382	0.000444	0.000344	0.000370	-11452.066
1000	8	11111111	0.000473	0.000435	0.000394	0.000365	0.000298	0.000421	0.000384	0.000341	-11446.604
1010	8	11111111	0.000586	0.000550	0.000422	0.000413	0.000334	0.000535	0.000519	0.000284	-11462.643
1020	8	11111111	0.000538	0.000525	0.000417	0.000405	0.000337	0.000509	0.000476	0.000478	-11446.311
1030	8	11111111	0.000586	0.000488	0.000449	0.000412	0.000353	0.000572	0.000449	0.000526	-11450.199
1040	8	11111111	0.000612	0.000582	0.000544	0.000381	0.000360	0.000568	0.000481	0.000202	-11447.193
1050	8	11111111	0.000662	0.000639	0.000531	0.000443	0.000423	0.000637	0.000505	0.000475	-11448.952
1060	8	11111111	0.000575	0.000546	0.000514	0.000417	0.000364	0.000506	0.000505	0.000375	-11441.037
1070	8	11111111	0.000529	0.000484	0.000478	0.000390	0.000329	0.000461	0.000308	0.000358	-11448.063
1080	8	11111111	0.000501	0.000494	0.000429	0.000371	0.000270	0.000481	0.000461	0.000130	-11446.467
1090	8	11111111	0.000538	0.000508	0.000503	0.000401	0.000272	0.000507	0.000465	0.000464	-11444.716
1100	8	11111111	0.000538	0.000514	0.000503	0.000441	0.000222	0.000515	0.000465	0.000333	-11440.537
1110	8	11111111	0.000567	0.000535	0.000530	0.000350	0.000197	0.000499	0.000442	0.000241	-11454.619
1120	8	11111111	0.000648	0.000644	0.000606	0.000413	0.000197	0.000522	0.000521	0.000129	-11448.875
1130	8	11111111	0.000723	0.000693	0.000677	0.000356	0.000218	0.000675	0.000586	0.000241	-11445.838
1140	8	11111111	0.000678	0.000551	0.000469	0.000333	0.000223	0.000570	0.000546	0.000280	-11456.455
1150	8	11111111	0.000689	0.000511	0.000414	0.000365	0.000237	0.000683	0.000430	0.000174	-11463.842
1160	8	11111111	0.000598	0.000394	0.000331	0.000121	0.000090	0.000565	0.000413	0.000479	-11456.333
1170	8	11111111	0.000606	0.000406	0.000269	0.000101	0.000098	0.000450	0.000410	0.000342	-11448.070
1180	7	11111110	0.000524	0.000260	0.000190	0.000144	0.000117	0.000471	0.000354	-11442.348
1190	8	11111111	0.000504	0.000338	0.000296	0.000194	0.000150	0.000428	0.000354	0.000037	-11450.880
1200	7	11111110	0.000589	0.000544	0.000436	0.000407	0.000329	0.000577	0.000412	-11442.700
1210	8	11111111	0.000534	0.000451	0.000426	0.000396	0.000381	0.000505	0.000315	0.000262	-11453.651
1220	8	11111111	0.000516	0.000422	0.000416	0.000399	0.000382	0.000466	0.000300	0.000203	-11455.440
1230	8	11111111	0.000548	0.000519	0.000381	0.000329	0.000314	0.000528	0.000509	0.000245	-11451.636
1240	8	11111111	0.000457	0.000404	0.000333	0.000299	0.000287	0.000453	0.000372	0.000272	-11442.161
1250	8	11111111	0.000468	0.000453	0.000300	0.000262	0.000256	0.000439	0.000381	0.000380	-11439.128
1260	8	11111111	0.000527	0.000513	0.000355	0.000234	0.000232	0.000517	0.000378	0.000336	-11435.684
1270	8	11111111	0.000616	0.000607	0.000511	0.000275	0.000271	0.000589	0.000551	0.000216	-11446.955
1280	8	11111111	0.000598	0.000545	0.000467	0.000288	0.000263	0.000552	0.000459	0.000212	-11446.872
1290	7	11111110	0.000583	0.000531	0.000504	0.000221	0.000098	0.000449	0.000445	-11439.896
1300	7	11111110	0.000753	0.000724	0.000504	0.000487	0.000423	0.000583	0.000392	-11441.622
1310	8	11111111	0.000743	0.000644	0.000591	0.000534	0.000474	0.000626	0.000580	0.000410	-11450.818
1320	8	11111111	0.000604	0.000530	0.000498	0.000457	0.000376	0.000466	0.000425	0.000173	-11441.842
1330	7	11111110	0.000638	0.000630	0.000533	0.000448	0.000338	0.000633	0.000591	-11439.714
1340	8	11111111	0.000584	0.000564	0.000529	0.000497	0.000217	0.000576	0.000554	0.000006	-11437.218
1350	7	11111110	0.000764	0.000751	0.000646	0.000596	0.000409	0.000568	0.000542	-11441.951
1360	8	11111111	0.000626	0.000604	0.000455	0.000402	0.000325	0.000485	0.000301	0.000277	-11444.344
1370	8	11111111	0.000577	0.000549	0.000421	0.000370	0.000217	0.000300	0.000275	0.000228	-11437.936
1380	8	11111111	0.000471	0.000466	0.000325	0.000317	0.000242	0.000457	0.000265	0.000219	-11444.382
1390	8	11111111	0.000569	0.000514	0.000433	0.000368	0.000203	0.000564	0.000511	0.000408	-11450.048
1400	8	11111111	0.000511	0.000409	0.000399	0.000249	0.000211	0.000328	0.000283	0.000318	-11454.114
1410	8	11111111	0.000447	0.000420	0.000335	0.000220	0.000102	0.000334	0.000318	0.000257	-11451.628
1420	8	11111111	0.000555	0.000534	0.000419	0.000269	0.000246	0.000551	0.000496	0.000497	-11452.819
1430	8	11111111	0.000485	0.000443	0.000436	0.000298	0.000179	0.000484	0.000469	0.000374	-11445.745
1440	8	11111111	0.000505	0.000484	0.000451	0.000400	0.000214	0.000503	0.000497	0.000425	-11445.606
1450	7	11111110	0.000586	0.000534	0.000502	0.000283	0.000070	0.000582	0.000563	-11441.358
1460	7	11110111	0.000628	0.000625	0.000548	0.000329	0.000626	0.000593	0.000141	-11454.596
1470	8	11111111	0.000586	0.000583	0.000486	0.000324	0.000200	0.000578	0.000504	0.000127	-11446.829
1480	8	11111111	0.000577	0.000538	0.000458	0.000231	0.000159	0.000288	0.000270	0.000224	-11447.500
1490	8	11111111	0.000507	0.000481	0.000353	0.000149	0.000142	0.000490	0.000298	0.000090	-11443.663
1500	8	11111111	0.000607	0.000582	0.000520	0.000295	0.000180	0.000584	0.000431	0.000444	-11441.154
1510	8	11111111	0.000490	0.000460	0.000349	0.000291	0.000203	0.000490	0.000377	0.000129	-11439.980
1520	8	11111111	0.000561	0.000494	0.000426	0.000399	0.000186	0.000509	0.000398	0.000288	-11443.974
1530	8	11111111	0.000698	0.000603	0.000504	0.000493	0.000213	0.000666	0.000541	0.000323	-11455.389
1540	8	11111111	0.000616	0.000526	0.000512	0.000435	0.000195	0.000601	0.000450	0.000081	-11438.919
1550	8	11111111	0.000565	0.000543	0.000513	0.000381	0.000330	0.000399	0.000348	0.000191	-11450.909
1560	8	11111111	0.000751	0.000732	0.000670	0.000556	0.000436	0.000612	0.000560	0.000404	-11455.607
1570	8	11111111	0.000658	0.000651	0.000528	0.000456	0.000328	0.000594	0.000553	0.000519	-11442.462
1580	8	11111111	0.000662	0.000579	0.000470	0.000371	0.000210	0.000648	0.000393	0.000587	-11441.474
1590	8	11111111	0.000561	0.000542	0.000442	0.000349	0.000333	0.000547	0.000466	0.000522	-11452.949
1600	8	11111111	0.000605	0.000531	0.000469	0.000378	0.000360	0.000552	0.000471	0.000168	-11446.905
1610	8	11111111	0.000604	0.000556	0.000402	0.000388	0.000352	0.000595	0.000378	0.000516	-11438.814
1620	8	11111111	0.000626	0.000611	0.000467	0.000396	0.000175	0.000599	0.000463	0.000030	-11434.432
1630	8	11111111	0.000574	0.000557	0.000496	0.000318	0.000308	0.000516	0.000489	0.000343	-11444.078
1640	8	11111111	0.000679	0.000605	0.000528	0.000455	0.000236	0.000650	0.000512	0.000204	-11448.244
1650	8	11111111	0.000563	0.000559	0.000348	0.000277	0.000198	0.000455	0.000359	0.000111	-11451.767
1660	7	11111110	0.000623	0.000603	0.000433	0.000300	0.000269	0.000616	0.000562	-11449.076
1670	8	11111111	0.000588	0.000560	0.000334	0.000327	0.000322	0.000588	0.000510	0.000149	-11451.372
1680	8	11111111	0.000495	0.000399	0.000299	0.000264	0.000230	0.000493	0.000231	0.000379	-11453.883
1690	8	11111111	0.000483	0.000472	0.000399	0.000361	0.000317	0.000457	0.000417	0.000298	-11446.137
1700	8	11111111	0.000483	0.000476	0.000364	0.000296	0.000212	0.000454	0.000375	0.000304	-11439.720
1710	8	11111111	0.000428	0.000410	0.000376	0.000284	0.000177	0.000366	0.000328	0.000266	-11441.342
1720	8	11111111	0.000428	0.000420	0.000370	0.000275	0.000186	0.000274	0.000265	0.000247	-11448.298
1730	8	11111111	0.000418	0.000412	0.000343	0.000286	0.000254	0.000397	0.000356	0.000068	-11455.632
1740	8	11111111	0.000442	0.000442	0.000318	0.000214	0.000121	0.000405	0.000361	0.000109	-11444.688
1750	7	11111110	0.000434	0.000423	0.000376	0.000281	0.000229	0.000395	0.000366	-11442.989
1760	8	11111111	0.000513	0.000483	0.000481	0.000312	0.000306	0.000490	0.000464	0.000332	-11441.898
1770	8	11111111	0.000471	0.000457	0.000403	0.000243	0.000214	0.000445	0.000424	0.000172	-11448.106
1780	7	11111110	0.000527	0.000483	0.000360	0.000262	0.000246	0.000481	0.000476	-11449.006
1790	8	11111111	0.000548	0.000450	0.000332	0.000278	0.000256	0.000547	0.000536	0.000080	-11442.431
1800	8	11111111	0.000480	0.000443	0.000339	0.000229	0.000212	0.000469	0.000469	0.000196	-11442.870
1810	8	11111111	0.000434	0.000423	0.000267	0.000211	0.000179	0.000433	0.000384	0.000232	-11437.074
1820	8	11111111	0.000500	0.000490	0.000318	0.000263	0.000144	0.000492	0.000457	0.000210	-11441.784
1830	8	11111111	0.000601	0.000594	0.000404	0.000298	0.000254	0.000555	0.000458	0.000079	-11445.670
1840	8	11111111	0.000666	0.000642	0.000479	0.000311	0.000282	0.000556	0.000320	0.000401	-11442.051
1850	8	11111111	0.000630	0.000596	0.000447	0.000302	0.000260	0.000624	0.000461	0.000363	-11440.484
1860	8	11111111	0.000499	0.000485	0.000343	0.000232	0.000123	0.000486	0.000271	0.000459	-11440.781
1870	8	11111111	0.000589	0.000578	0.000366	0.000314	0.000161	0.000565	0.000481	0.000555	-11436.429
1880	8	11111111	0.000560	0.000474	0.000406	0.000394	0.000177	0.000517	0.000478	0.000398	-11433.852
1890	8	11111111	0.000508	0.000453	0.000399	0.000398	0.000257	0.000478	0.000378	0.000285	-11446.073
1900	8	11111111	0.000493	0.000468	0.000383	0.000383	0.000083	0.000457	0.000414	0.000176	-11448.568
1910	8	11111111	0.000541	0.000518	0.000501	0.000437	0.000308	0.000508	0.000482	0.000247	-11448.383
1920	8	11111111	0.000676	0.000624	0.000624	0.000619	0.000456	0.000552	0.000494	0.000544	-11447.131
1930	8	11111111	0.000565	0.000547	0.000544	0.000418	0.000353	0.000467	0.000351	0.000451	-11448.016
1940	8	11111111	0.000582	0.000498	0.000478	0.000289	0.000171	0.000514	0.000432	0.000102	-11446.663
1950	8	11111111	0.000500	0.000495	0.000456	0.000384	0.000272	0.000352	0.000304	0.000198	-11452.656
1960	8	11111111	0.000515	0.000432	0.000397	0.000367	0.000315	0.000396	0.000280	0.000312	-11444.449
1970	8	11111111	0.000582	0.000530	0.000481	0.000465	0.000353	0.000537	0.000457	0.000339	-11451.694
1980	8	11111111	0.000562	0.000539	0.000428	0.000352	0.000215	0.000527	0.000416	0.000268	-11456.117
1990	8	11111111	0.000535	0.000514	0.000460	0.000407	0.000337	0.000506	0.000432	0.000442	-11450.287
2000	8	11111111	0.000611	0.000611	0.000563	0.000519	0.000439	0.000562	0.000473	0.000500	-11456.522
2010	8	11111111	0.000611	0.000610	0.000576	0.000545	0.000355	0.000564	0.000536	0.000138	-11453.679
2020	8	11111111	0.000577	0.000560	0.000544	0.000348	0.000344	0.000540	0.000506	0.000349	-11443.579
2030	7	11111110	0.000621	0.000618	0.000583	0.000419	0.000370	0.000591	0.000555	-11431.700
2040	8	11111111	0.000475	0.000469	0.000418	0.000350	0.000284	0.000377	0.000344	0.000224	-11451.945
2050	8	11111111	0.000455	0.000445	0.000442	0.000310	0.000296	0.000426	0.000413	0.000199	-11442.661
2060	8	11111111	0.000477	0.000468	0.000452	0.000395	0.000332	0.000447	0.000409	0.000246	-11446.019
2070	8	11111111	0.000420	0.000416	0.000385	0.000320	0.000292	0.000398	0.000390	0.000329	-11437.796
2080	8	11111111	0.000621	0.000583	0.000557	0.000427	0.000354	0.000618	0.000346	0.000295	-11448.150
2090	8	11111111	0.000496	0.000459	0.000446	0.000290	0.000162	0.000489	0.000445	0.000416	-11438.181
2100	8	11111111	0.000508	0.000420	0.000356	0.000239	0.000178	0.000501	0.000472	0.000180	-11450.865
2110	7	11111110	0.000604	0.000583	0.000356	0.000236	0.000219	0.000590	0.000335	-11456.169
2120	8	11111111	0.000596	0.000548	0.000520	0.000436	0.000181	0.000560	0.000526	0.000385	-11443.120
2130	8	11111111	0.000567	0.000560	0.000503	0.000379	0.000280	0.000563	0.000554	0.000284	-11454.179
2140	8	11111111	0.000484	0.000482	0.000469	0.000294	0.000267	0.000398	0.000334	0.000300	-11438.959
2150	8	11111111	0.000479	0.000464	0.000424	0.000314	0.000257	0.000385	0.000378	0.000182	-11442.869
2160	8	11111111	0.000487	0.000387	0.000347	0.000218	0.000215	0.000485	0.000446	0.000405	-11450.932
2170	8	11111111	0.000498	0.000408	0.000311	0.000226	0.000219	0.000494	0.000395	0.000240	-11449.890
2180	8	11111111	0.000546	0.000390	0.000319	0.000247	0.000200	0.000541	0.000411	0.000405	-11445.728
2190	7	11111110	0.000482	0.000339	0.000306	0.000144	0.000139	0.000471	0.000469	-11449.456
2200	7	11111110	0.000455	0.000372	0.000315	0.000138	0.000126	0.000419	0.000384	-11447.633
2210	8	11111111	0.000455	0.000415	0.000383	0.000145	0.000118	0.000438	0.000376	0.000249	-11441.857
2220	8	11111111	0.000449	0.000415	0.000397	0.000145	0.000063	0.000414	0.000390	0.000316	-11444.893
2230	8	11111111	0.000521	0.000521	0.000482	0.000322	0.000261	0.000517	0.000496	0.000352	-11443.730
2240	8	11111111	0.000567	0.000521	0.000520	0.000340	0.000332	0.000548	0.000539	0.000448	-11447.201
2250	7	11110111	0.000578	0.000559	0.000509	0.000323	0.000578	0.000506	0.000406	-11454.848
2260	8	11111111	0.000524	0.000484	0.000389	0.000303	0.000091	0.000522	0.000284	0.000224	-11461.665
2270	8	11111111	0.000556	0.000520	0.000455	0.000396	0.000025	0.000538	0.000443	0.000367	-11456.430
2280	8	11111111	0.000548	0.000521	0.000426	0.000339	0.000047	0.000507	0.000361	0.000223	-11458.083
2290	8	11111111	0.000638	0.000521	0.000459	0.000393	0.000136	0.000601	0.000540	0.000129	-11452.680
2300	8	11111111	0.000641	0.000601	0.000500	0.000357	0.000242	0.000562	0.000544	0.000180	-11446.344
2310	8	11111111	0.000599	0.000554	0.000496	0.000472	0.000238	0.000495	0.000390	0.000038	-11458.520
2320	8	11111111	0.000791	0.000674	0.000641	0.000557	0.000482	0.000730	0.000506	0.000085	-11447.885
2330	8	11111111	0.000613	0.000584	0.000550	0.000367	0.000333	0.000588	0.000364	0.000289	-11444.991
2340	8	11111111	0.000590	0.000534	0.000510	0.000340	0.000104	0.000555	0.000528	0.000299	-11453.280
2350	8	11111111	0.000637	0.000565	0.000540	0.000302	0.000280	0.000606	0.000528	0.000553	-11447.082
2360	8	11111111	0.000738	0.000733	0.000389	0.000282	0.000250	0.000736	0.000473	0.000244	-11442.201
2370	8	11111111	0.000666	0.000608	0.000396	0.000331	0.000250	0.000597	0.000511	0.000461	-11454.641
2380	8	11111111	0.000742	0.000702	0.000544	0.000513	0.000177	0.000671	0.000410	0.000073	-11448.992
2390	8	11111111	0.000751	0.000711	0.000595	0.000433	0.000244	0.000717	0.000602	0.000559	-11460.354
2400	8	11111111	0.000706	0.000697	0.000567	0.000445	0.000365	0.000680	0.000626	0.000354	-11459.608
2410	7	11111110	0.000831	0.000796	0.000756	0.000671	0.000373	0.000812	0.000599	-11447.529
2420	7	11111110	0.000771	0.000751	0.000638	0.000582	0.000421	0.000707	0.000574	-11446.782
2430	7	11111110	0.000731	0.000718	0.000558	0.000464	0.000278	0.000673	0.000661	-11464.566
2440	8	11111111	0.000660	0.000649	0.000424	0.000398	0.000215	0.000613	0.000584	0.000300	-11450.923
2450	8	11111111	0.000571	0.000565	0.000368	0.000312	0.000249	0.000512	0.000506	0.000435	-11453.271
2460	8	11111111	0.000629	0.000535	0.000407	0.000395	0.000333	0.000581	0.000200	0.000285	-11471.199
2470	8	11111111	0.000719	0.000665	0.000568	0.000550	0.000451	0.000649	0.000631	0.000340	-11444.213
2480	8	11111111	0.000738	0.000716	0.000591	0.000497	0.000459	0.000612	0.000551	0.000176	-11447.492
2490	7	11111110	0.000600	0.000583	0.000551	0.000455	0.000385	0.000589	0.000357	-11445.475
2500	7	11111110	0.000803	0.000776	0.000583	0.000538	0.000309	0.000372	0.000200	-11440.676
2510	7	11111110	0.000617	0.000586	0.000388	0.000292	0.000195	0.000385	0.000367	-11450.809
2520	8	11111111	0.000795	0.000707	0.000473	0.000413	0.000329	0.000577	0.000518	0.000200	-11471.084
2530	8	11111111	0.000800	0.000787	0.000727	0.000336	0.000270	0.000690	0.000610	0.000539	-11453.133
2540	7	11111110	0.000746	0.000721	0.000502	0.000341	0.000243	0.000478	0.000399	-11453.810
2550	8	11111111	0.000894	0.000865	0.000693	0.000284	0.000248	0.000619	0.000404	0.000296	-11447.407
2560	8	11111111	0.000936	0.000803	0.000585	0.000404	0.000310	0.000890	0.000537	0.000523	-11465.569
2570	8	11111111	0.000769	0.000685	0.000424	0.000303	0.000197	0.000742	0.000553	0.000638	-11457.841
2580	8	11111111	0.000827	0.000634	0.000519	0.000401	0.000201	0.000769	0.000597	0.000307	-11441.964
2590	8	11111111	0.000827	0.000634	0.000425	0.000421	0.000398	0.000751	0.000698	0.000271	-11447.029
2600	8	11111111	0.000785	0.000736	0.000431	0.000398	0.000367	0.000764	0.000741	0.000752	-11458.049
2610	8	11111111	0.000594	0.000557	0.000327	0.000324	0.000209	0.000583	0.000448	0.000449	-11445.977
2620	8	11111111	0.000830	0.000735	0.000454	0.000418	0.000316	0.000826	0.000801	0.000179	-11443.385
2630	8	11111111	0.000727	0.000548	0.000425	0.000345	0.000269	0.000717	0.000702	0.000249	-11440.689
2640	8	11111111	0.000652	0.000581	0.000417	0.000249	0.000244	0.000648	0.000270	0.000619	-11446.646
2650	8	11111111	0.000620	0.000565	0.000447	0.000232	0.000215	0.000606	0.000495	0.000167	-11447.072
2660	8	11111111	0.000662	0.000646	0.000571	0.000398	0.000377	0.000636	0.000394	0.000319	-11440.298
2670	8	11111111	0.000608	0.000602	0.000473	0.000358	0.000347	0.000459	0.000457	0.000396	-11446.218
2680	8	11111111	0.000572	0.000559	0.000486	0.000331	0.000299	0.000526	0.000448	0.000323	-11454.730
2690	8	11111111	0.000526	0.000512	0.000364	0.000305	0.000260	0.000510	0.000309	0.000472	-11450.829
2700	8	11111111	0.000502	0.000501	0.000411	0.000317	0.000249	0.000484	0.000383	0.000214	-11440.292
2710	8	11111111	0.000534	0.000530	0.000461	0.000383	0.000249	0.000437	0.000387	0.000200	-11452.039
2720	8	11111111	0.000484	0.000481	0.000341	0.000300	0.000072	0.000475	0.000293	0.000261	-11444.481
2730	8	11111111	0.000498	0.000496	0.000376	0.000356	0.000190	0.000445	0.000294	0.000165	-11438.470
2740	8	11111111	0.000434	0.000429	0.000290	0.000226	0.000223	0.000352	0.000334	0.000253	-11445.576
2750	8	11111111	0.000453	0.000448	0.000345	0.000250	0.000233	0.000405	0.000373	0.000138	-11439.770
2760	8	11111111	0.000453	0.000452	0.000284	0.000258	0.000157	0.000399	0.000338	0.000341	-11441.789
2770	8	11111111	0.000476	0.000415	0.000208	0.000190	0.000162	0.000398	0.000365	0.000397	-11453.481
2780	8	11111111	0.000438	0.000402	0.000272	0.000245	0.000160	0.000401	0.000377	0.000275	-11442.035
2790	8	11111111	0.000386	0.000352	0.000270	0.000248	0.000178	0.000352	0.000332	0.000221	-11450.209
2800	8	11111111	0.000367	0.000363	0.000261	0.000230	0.000117	0.000334	0.000314	0.000236	-11452.323
2810	8	11111111	0.000378	0.000374	0.000266	0.000245	0.000115	0.000372	0.000359	0.000189	-11435.978
2820	8	11111111	0.000431	0.000407	0.000257	0.000251	0.000135	0.000424	0.000316	0.000261	-11437.862
2830	8	11111111	0.000398	0.000342	0.000271	0.000258	0.000121	0.000381	0.000340	0.000338	-11448.072
2840	8	11111111	0.000348	0.000346	0.000287	0.000213	0.000124	0.000336	0.000330	0.000177	-11442.797
2850	8	11111111	0.000348	0.000332	0.000255	0.000202	0.000185	0.000231	0.000161	0.000139	-11440.992
2860	8	11111111	0.000428	0.000428	0.000389	0.000319	0.000247	0.000413	0.000270	0.000300	-11440.601
2870	8	11111111	0.000402	0.000379	0.000365	0.000135	0.000112	0.000348	0.000268	0.000263	-11437.444
2880	8	11111111	0.000400	0.000388	0.000362	0.000186	0.000170	0.000355	0.000311	0.000227	-11450.053
2890	7	11111110	0.000477	0.000460	0.000426	0.000353	0.000279	0.000470	0.000374	-11437.174
2900	8	11111111	0.000496	0.000483	0.000380	0.000380	0.000336	0.000490	0.000319	0.000226	-11448.401
2910	8	11111111	0.000493	0.000447	0.000394	0.000378	0.000344	0.000481	0.000271	0.000362	-11455.519
2920	8	11111111	0.000410	0.000385	0.000333	0.000272	0.000261	0.000408	0.000343	0.000280	-11445.961
2930	8	11111111	0.000530	0.000434	0.000407	0.000396	0.000395	0.000522	0.000246	0.000217	-11442.581
2940	8	11111111	0.000530	0.000527	0.000456	0.000417	0.000237	0.000523	0.000461	0.000331	-11434.306
2950	8	11111111	0.000484	0.000461	0.000453	0.000445	0.000403	0.000462	0.000442	0.000441	-11439.006
2960	8	11111111	0.000566	0.000541	0.000524	0.000490	0.000260	0.000551	0.000485	0.000320	-11453.207
2970	8	11111111	0.000587	0.000550	0.000461	0.000447	0.000363	0.000577	0.000555	0.000576	-11445.615
2980	8	11111111	0.000494	0.000460	0.000414	0.000344	0.000312	0.000490	0.000467	0.000435	-11448.892
2990	8	11111111	0.000494	0.000493	0.000445	0.000360	0.000235	0.000478	0.000467	0.000431	-11440.370
3000	8	11111111	0.000445	0.000430	0.000400	0.000252	0.000198	0.000444	0.000374	0.000228	-11439.864
3010	8	11111111	0.000601	0.000442	0.000401	0.000380	0.000268	0.000594	0.000553	0.000207	-11436.446
3020	7	11111110	0.000595	0.000531	0.000487	0.000439	0.000297	0.000486	0.000472	-11443.922
3030	8	11111111	0.000595	0.000518	0.000463	0.000388	0.000375	0.000573	0.000459	0.000138	-11448.380
3040	8	11111111	0.000533	0.000502	0.000459	0.000360	0.000294	0.000527	0.000459	0.000239	-11445.452
3050	8	11111111	0.000476	0.000464	0.000415	0.000310	0.000281	0.000476	0.000473	0.000175	-11437.740
3060	7	11111110	0.000496	0.000487	0.000443	0.000356	0.000327	0.000495	0.000492	-11439.783
3070	8	11111111	0.000499	0.000470	0.000466	0.000326	0.000188	0.000491	0.000475	0.000237	-11443.583
3080	8	11111111	0.000499	0.000478	0.000461	0.000180	0.000172	0.000475	0.000423	0.000143	-11447.778
3090	8	11111111	0.000441	0.000424	0.000418	0.000187	0.000171	0.000434	0.000374	0.000134	-11440.722
3100	8	11111111	0.000441	0.000429	0.000404	0.000229	0.000190	0.000383	0.000373	0.000303	-11451.743
3110	8	11111111	0.000473	0.000439	0.000433	0.000327	0.000226	0.000439	0.000401	0.000185	-11447.819
3120	8	11111111	0.000473	0.000436	0.000432	0.000388	0.000228	0.000454	0.000203	0.000422	-11441.496
3130	8	11111111	0.000369	0.000355	0.000342	0.000323	0.000134	0.000284	0.000260	0.000281	-11443.967
3140	8	11111111	0.000369	0.000343	0.000335	0.000329	0.000245	0.000330	0.000264	0.000258	-11441.373
3150	8	11111111	0.000482	0.000473	0.000443	0.000381	0.000378	0.000429	0.000393	0.000323	-11444.279
3160	8	11111111	0.000426	0.000413	0.000400	0.000377	0.000252	0.000260	0.000228	0.000127	-11438.584
3170	8	11111111	0.000401	0.000391	0.000380	0.000347	0.000304	0.000398	0.000312	0.000355	-11442.091
3180	8	11111111	0.000401	0.000381	0.000340	0.000306	0.000270	0.000400	0.000342	0.000226	-11443.185
3190	8	11111111	0.000477	0.000441	0.000413	0.000266	0.000151	0.000462	0.000455	0.000340	-11445.459
3200	8	11111111	0.000579	0.000534	0.000518	0.000356	0.000230	0.000567	0.000552	0.000213	-11453.440
3210	8	11111111	0.000480	0.000470	0.000367	0.000249	0.000152	0.000415	0.000278	0.000329	-11440.639
3220	8	11111111	0.000501	0.000465	0.000429	0.000270	0.000035	0.000458	0.000280	0.000401	-11444.870
3230	8	11111111	0.000426	0.000394	0.000379	0.000066	0.000030	0.000413	0.000188	0.000173	-11450.381
3240	7	11111110	0.000552	0.000416	0.000258	0.000117	0.000091	0.000540	0.000398	-11437.669
3250	7	11111110	0.000459	0.000444	0.000339	0.000237	0.000021	0.000440	0.000412	-11437.141
3260	7	11111110	0.000387	0.000357	0.000185	0.000091	0.000090	0.000367	0.000335	-11450.480
3270	8	11111111	0.000470	0.000380	0.000302	0.000181	0.000151	0.000465	0.000362	0.000017	-11451.192
3280	7	11111110	0.000605	0.000513	0.000426	0.000317	0.000244	0.000564	0.000551	-11435.444
3290	8	11111111	0.000605	0.000440	0.000386	0.000305	0.000265	0.000573	0.000535	0.000326	-11445.701
3300	8	11111111	0.000590	0.000529	0.000459	0.000415	0.000225	0.000468	0.000415	0.000280	-11446.170
3310	7	11111110	0.000494	0.000392	0.000340	0.000296	0.000180	0.000464	0.000373	-11443.751
3320	8	11111111	0.000546	0.000398	0.000333	0.000317	0.000236	0.000530	0.000269	0.000038	-11443.864
3330	7	11111110	0.000502	0.000442	0.000373	0.000303	0.000226	0.000493	0.000436	-11438.034
3340	8	11111111	0.000540	0.000520	0.000378	0.000336	0.000301	0.000499	0.000470	0.000019	-11442.381
3350	8	11111111	0.000540	0.000508	0.000439	0.000426	0.000266	0.000521	0.000468	0.000253	-11449.885
3360	8	11111111	0.000589	0.000560	0.000484	0.000393	0.000319	0.000448	0.000378	0.000189	-11444.471
3370	8	11111111	0.000589	0.000558	0.000505	0.000445	0.000343	0.000557	0.000440	0.000339	-11441.286
3380	8	11111111	0.000480	0.000465	0.000435	0.000359	0.000105	0.000477	0.000414	0.000117	-11452.979
3390	7	11111110	0.000480	0.000447	0.000436	0.000321	0.000294	0.000464	0.000311	-11447.644
3400	8	11111111	0.000536	0.000536	0.000491	0.000434	0.000309	0.000449	0.000374	0.000079	-11439.315
3410	7	11111110	0.000536	0.000531	0.000519	0.000506	0.000387	0.000534	0.000405	-11442.464
3420	8	11111111	0.000478	0.000430	0.000406	0.000361	0.000345	0.000413	0.000349	0.000336	-11443.376
3430	8	11111111	0.000539	0.000533	0.000506	0.000283	0.000197	0.000521	0.000410	0.000513	-11441.560
3440	8	11111111	0.000575	0.000541	0.000504	0.000384	0.000268	0.000574	0.000456	0.000569	-11447.808
3450	8	11111111	0.000643	0.000599	0.000564	0.000389	0.000198	0.000638	0.000383	0.000636	-11451.853
3460	8	11111111	0.000584	0.000549	0.000492	0.000358	0.000266	0.000580	0.000447	0.000578	-11455.720
3470	8	11111111	0.000596	0.000564	0.000463	0.000296	0.000176	0.000496	0.000438	0.000384	-11450.271
3480	8	11111111	0.000590	0.000524	0.000487	0.000292	0.000174	0.000543	0.000285	0.000443	-11445.631
3490	8	11111111	0.000647	0.000636	0.000566	0.000490	0.000429	0.000594	0.000578	0.000371	-11447.711
3500	7	11111110	0.000613	0.000598	0.000403	0.000328	0.000261	0.000555	0.000428	-11433.855
3510	7	11111110	0.000684	0.000645	0.000415	0.000400	0.000346	0.000598	0.000511	-11439.002
3520	8	11111111	0.000710	0.000597	0.000509	0.000455	0.000374	0.000618	0.000571	0.000259	-11460.793
3530	8	11111111	0.000710	0.000680	0.000660	0.000640	0.000378	0.000642	0.000625	0.000177	-11443.449
3540	8	11111111	0.000630	0.000605	0.000589	0.000582	0.000320	0.000491	0.000470	0.000268	-11438.529
3550	7	11111110	0.000521	0.000497	0.000494	0.000384	0.000085	0.000393	0.000375	-11449.898
3560	7	11111110	0.000686	0.000648	0.000646	0.000459	0.000397	0.000521	0.000493	-11450.644
3570	8	11111111	0.000750	0.000724	0.000607	0.000472	0.000312	0.000735	0.000668	0.000312	-11451.756
3580	8	11111111	0.000867	0.000819	0.000759	0.000723	0.000557	0.000813	0.000772	0.000361	-11459.364
3590	8	11111111	0.000885	0.000822	0.000803	0.000760	0.000681	0.000878	0.000666	0.000332	-11447.980
3600	8	11111111	0.000831	0.000825	0.000750	0.000716	0.000594	0.000830	0.000684	0.000287	-11434.489
3610	7	11111110	0.000772	0.000731	0.000631	0.000494	0.000484	0.000659	0.000645	-11445.594
3620	7	11111110	0.000791	0.000693	0.000541	0.000503	0.000455	0.000773	0.000601	-11452.219
3630	7	11111110	0.001067	0.000810	0.000707	0.000643	0.000608	0.001051	0.000695	-11450.376
3640	8	11111111	0.000905	0.000666	0.000469	0.000453	0.000433	0.000892	0.000752	0.000267	-11449.315
3650	8	11111111	0.000928	0.000867	0.000558	0.000468	0.000439	0.000926	0.000834	0.000446	-11451.002
3660	8	11111111	0.001144	0.001074	0.001073	0.000793	0.000539	0.001064	0.000677	0.000245	-11451.429
3670	7	11111110	0.000926	0.000894	0.000869	0.000504	0.000467	0.000632	0.000602	-11456.832
3680	8	11111111	0.000865	0.000774	0.000744	0.000442	0.000436	0.000578	0.000553	0.000293	-11456.384
3690	8	11111111	0.000794	0.000744	0.000569	0.000402	0.000400	0.000759	0.000692	0.000121	-11449.678
3700	8	11111111	0.000686	0.000663	0.000587	0.000310	0.000284	0.000682	0.000507	0.000364	-11460.597
3710	8	11111111	0.000725	0.000708	0.000621	0.000443	0.000398	0.000667	0.000575	0.000168	-11448.941
3720	8	11111111	0.000695	0.000669	0.000620	0.000607	0.000424	0.000645	0.000575	0.000214	-11472.139
3730	8	11111111	0.000722	0.000709	0.000683	0.000640	0.000499	0.000692	0.000502	0.000377	-11462.739
3740	8	11111111	0.000720	0.000698	0.000676	0.000595	0.000414	0.000571	0.000524	0.000178	-11457.454
3750	8	11111111	0.000681	0.000645	0.000634	0.000563	0.000513	0.000467	0.000384	0.000264	-11439.901
3760	8	11111111	0.000623	0.000597	0.000581	0.000451	0.000381	0.000409	0.000348	0.000095	-11454.979
3770	8	11111111	0.000637	0.000605	0.000600	0.000492	0.000355	0.000439	0.000126	0.000309	-11457.105
3780	8	11111111	0.000722	0.000643	0.000579	0.000551	0.000525	0.000705	0.000660	0.000576	-11434.334
3790	8	11111111	0.000683	0.000595	0.000549	0.000534	0.000405	0.000667	0.000640	0.000200	-11441.150
3800	8	11111111	0.000736	0.000712	0.000643	0.000560	0.000539	0.000449	0.000263	0.000354	-11445.943
3810	8	11111111	0.000761	0.000751	0.000654	0.000529	0.000522	0.000641	0.000419	0.000160	-11448.914
3820	8	11111111	0.000830	0.000767	0.000672	0.000649	0.000415	0.000661	0.000378	0.000035	-11457.783
3830	7	11111110	0.000963	0.000935	0.000813	0.000718	0.000357	0.000909	0.000507	-11450.329
3840	7	11111110	0.000923	0.000836	0.000705	0.000648	0.000341	0.000881	0.000810	-11455.038
3850	7	11111110	0.000923	0.000743	0.000649	0.000591	0.000282	0.000575	0.000570	-11454.578
3860	8	11111111	0.000874	0.000748	0.000575	0.000429	0.000398	0.000693	0.000527	0.000267	-11462.180
3870	7	11111110	0.000844	0.000569	0.000550	0.000400	0.000383	0.000584	0.000459	-11448.146
3880	8	11111111	0.000738	0.000587	0.000505	0.000468	0.000355	0.000512	0.000447	0.000135	-11459.238
3890	8	11111111	0.000710	0.000558	0.000433	0.000419	0.000355	0.000619	0.000546	0.000504	-11457.263
3900	8	11111111	0.000689	0.000672	0.000447	0.000412	0.000329	0.000576	0.000228	0.000176	-11452.772
3910	8	11111111	0.000784	0.000686	0.000588	0.000426	0.000315	0.000468	0.000397	0.000360	-11448.781
3920	8	11111111	0.000650	0.000637	0.000574	0.000334	0.000238	0.000508	0.000212	0.000158	-11449.547
3930	7	11111110	0.000699	0.000690	0.000650	0.000590	0.000445	0.000474	0.000357	-11450.672
3940	7	11111110	0.000797	0.000768	0.000738	0.000719	0.000404	0.000599	0.000578	-11447.442
3950	8	11111111	0.000648	0.000595	0.000586	0.000560	0.000284	0.000560	0.000378	0.000165	-11452.999
3960	8	11111111	0.000819	0.000757	0.000725	0.000702	0.000557	0.000648	0.000460	0.000402	-11454.451
3970	8	11111111	0.001015	0.001003	0.000995	0.000887	0.000454	0.000817	0.000733	0.000372	-11454.198
3980	8	11111111	0.000777	0.000761	0.000699	0.000686	0.000546	0.000561	0.000561	0.000222	-11449.185
3990	8	11111111	0.000779	0.000740	0.000714	0.000601	0.000530	0.000609	0.000274	0.000419	-11455.294
4000	8	11111111	0.000640	0.000617	0.000597	0.000510	0.000493	0.000507	0.000467	0.000391	-11456.631
4010	8	11111111	0.000665	0.000658	0.000556	0.000520	0.000436	0.000505	0.000464	0.000492	-11466.733
4020	8	11111111	0.000703	0.000681	0.000544	0.000459	0.000453	0.000624	0.000577	0.000530	-11436.385
4030	8	11111111	0.000593	0.000520	0.000424	0.000422	0.000331	0.000558	0.000473	0.000468	-11446.040
4040	8	11111111	0.000694	0.000653	0.000534	0.000488	0.000407	0.000683	0.000473	0.000487	-11449.766
4050	8	11111111	0.000592	0.000587	0.000523	0.000467	0.000423	0.000568	0.000431	0.000478	-11461.316
4060	8	11111111	0.000726	0.000685	0.000632	0.000618	0.000599	0.000535	0.000437	0.000383	-11455.197
4070	8	11111111	0.000658	0.000649	0.000565	0.000558	0.000444	0.000617	0.000501	0.000389	-11456.267
4080	8	11111111	0.000727	0.000686	0.000640	0.000612	0.000351	0.000556	0.000432	0.000435	-11458.749
4090	8	11111111	0.000638	0.000634	0.000600	0.000449	0.000280	0.000631	0.000556	0.000269	-11470.120
4100	8	11111111	0.000677	0.000665	0.000586	0.000460	0.000290	0.000652	0.000514	0.000181	-11462.210
4110	8	11111111	0.000646	0.000609	0.000578	0.000323	0.000292	0.000486	0.000472	0.000142	-11454.179
4120	8	11111111	0.000762	0.000715	0.000682	0.000415	0.000402	0.000593	0.000524	0.000371	-11458.253
4130	7	11111110	0.000835	0.000797	0.000738	0.000336	0.000276	0.000521	0.000331	-11448.683
4140	7	11111110	0.000584	0.000567	0.000537	0.000439	0.000061	0.000488	0.000181	-11451.108
4150	8	11111111	0.000732	0.000689	0.000611	0.000532	0.000190	0.000664	0.000576	0.000015	-11464.322
4160	8	11111111	0.000750	0.000695	0.000400	0.000376	0.000207	0.000651	0.000471	0.000013	-11449.084
4170	7	11111110	0.000709	0.000686	0.000404	0.000377	0.000079	0.000678	0.000526	-11444.596
4180	8	11111111	0.000844	0.000760	0.000568	0.000455	0.000076	0.000807	0.000655	0.000368	-11455.117
4190	7	11111110	0.000699	0.000655	0.000654	0.000607	0.000548	0.000677	0.000602	-11444.122
4200	8	11111111	0.000771	0.000739	0.000673	0.000608	0.000598	0.000765	0.000661	0.000472	-11446.610
4210	8	11111111	0.000797	0.000790	0.000712	0.000706	0.000531	0.000758	0.000661	0.000619	-11451.162
4220	8	11111111	0.000688	0.000643	0.000511	0.000433	0.000412	0.000669	0.000594	0.000291	-11451.437
4230	8	11111111	0.000696	0.000603	0.000571	0.000431	0.000417	0.000682	0.000470	0.000563	-11450.816
4240	8	11111111	0.000689	0.000637	0.000587	0.000450	0.000403	0.000689	0.000594	0.000287	-11445.557
4250	8	11111111	0.000699	0.000690	0.000621	0.000484	0.000466	0.000699	0.000418	0.000396	-11448.568
4260	8	11111111	0.000762	0.000745	0.000670	0.000566	0.000472	0.000761	0.000641	0.000211	-11444.344
4270	7	11111110	0.000683	0.000682	0.000653	0.000528	0.000335	0.000652	0.000582	-11456.302
4280	8	11111111	0.000712	0.000677	0.000654	0.000463	0.000398	0.000668	0.000608	0.000300	-11451.451
4290	8	11111111	0.000797	0.000715	0.000681	0.000623	0.000603	0.000736	0.000711	0.000693	-11454.571
4300	8	11111111	0.000794	0.000731	0.000676	0.000623	0.000602	0.000674	0.000604	0.000250	-11446.971
4310	8	11111111	0.000613	0.000564	0.000514	0.000507	0.000482	0.000513	0.000432	0.000303	-11435.241
4320	8	11111111	0.000804	0.000755	0.000710	0.000672	0.000632	0.000754	0.000748	0.000381	-11445.319
4330	8	11111111	0.000640	0.000628	0.000609	0.000592	0.000569	0.000599	0.000595	0.000515	-11444.463
4340	8	11111111	0.000663	0.000652	0.000614	0.000594	0.000590	0.000621	0.000617	0.000081	-11441.341
4350	8	11111111	0.000726	0.000715	0.000692	0.000615	0.000490	0.000688	0.000676	0.000568	-11444.815
4360	8	11111111	0.000650	0.000650	0.000588	0.000588	0.000440	0.000617	0.000605	0.000481	-11451.438
4370	8	11111111	0.000507	0.000486	0.000421	0.000404	0.000403	0.000478	0.000472	0.000229	-11444.537
4380	8	11111111	0.000613	0.000603	0.000505	0.000500	0.000241	0.000461	0.000433	0.000234	-11437.719
4390	8	11111111	0.000660	0.000629	0.000433	0.000254	0.000240	0.000395	0.000377	0.000147	-11443.637
4400	8	11111111	0.000658	0.000629	0.000612	0.000316	0.000238	0.000593	0.000235	0.000315	-11440.224
4410	8	11111111	0.000506	0.000457	0.000368	0.000322	0.000218	0.000396	0.000289	0.000120	-11444.145
4420	8	11111111	0.000506	0.000491	0.000330	0.000305	0.000260	0.000495	0.000337	0.000101	-11453.511
4430	8	11111111	0.000523	0.000508	0.000453	0.000294	0.000213	0.000480	0.000456	0.000219	-11445.015
4440	8	11111111	0.000452	0.000448	0.000431	0.000264	0.000253	0.000439	0.000420	0.000268	-11448.585
4450	8	11111111	0.000503	0.000467	0.000423	0.000391	0.000256	0.000470	0.000467	0.000068	-11445.643
4460	8	11111111	0.000498	0.000477	0.000433	0.000390	0.000378	0.000496	0.000442	0.000242	-11436.239
4470	8	11111111	0.000502	0.000494	0.000442	0.000420	0.000386	0.000471	0.000446	0.000202	-11438.834
4480	8	11111111	0.000467	0.000464	0.000436	0.000351	0.000341	0.000460	0.000414	0.000129	-11441.853
4490	8	11111111	0.000608	0.000601	0.000540	0.000489	0.000444	0.000573	0.000461	0.000240	-11437.341
4500	8	11111111	0.000630	0.000621	0.000579	0.000430	0.000414	0.000619	0.000582	0.000174	-11445.005
4510	7	11111110	0.000630	0.000572	0.000568	0.000453	0.000228	0.000602	0.000589	-11439.805
4520	8	11111111	0.000576	0.000506	0.000450	0.000245	0.000148	0.000569	0.000539	0.000192	-11442.164
4530	8	11111111	0.000588	0.000577	0.000427	0.000284	0.000140	0.000584	0.000558	0.000395	-11455.069
4540	8	11111111	0.000572	0.000571	0.000434	0.000366	0.000335	0.000571	0.000543	0.000296	-11451.810
4550	8	11111111	0.000602	0.000601	0.000530	0.000480	0.000276	0.000600	0.000489	0.000035	-11440.380
4560	7	11111110	0.000583	0.000559	0.000513	0.000303	0.000038	0.000576	0.000382	-11445.606
4570	8	11111111	0.000531	0.000519	0.000518	0.000209	0.000068	0.000518	0.000451	0.000379	-11432.791
4580	8	11111111	0.000453	0.000394	0.000389	0.000142	0.000130	0.000341	0.000328	0.000156	-11446.704
4590	8	11111111	0.000474	0.000452	0.000337	0.000318	0.000122	0.000410	0.000356	0.000338	-11445.827
4600	8	11111111	0.000503	0.000456	0.000357	0.000355	0.000351	0.000421	0.000277	0.000303	-11444.285
4610	8	11111111	0.000462	0.000447	0.000330	0.000310	0.000307	0.000407	0.000072	0.000259	-11441.503
4620	8	11111111	0.000504	0.000469	0.000451	0.000351	0.000335	0.000426	0.000422	0.000331	-11453.718
4630	8	11111111	0.000459	0.000400	0.000382	0.000301	0.000227	0.000445	0.000410	0.000164	-11453.741
4640	8	11111111	0.000460	0.000407	0.000379	0.000200	0.000153	0.000435	0.000435	0.000243	-11444.406
4650	8	11111111	0.000470	0.000415	0.000392	0.000269	0.000152	0.000446	0.000445	0.000262	-11431.482
4660	8	11111111	0.000469	0.000452	0.000407	0.000264	0.000178	0.000317	0.000305	0.000223	-11438.666
4670	7	11111110	0.000446	0.000409	0.000384	0.000292	0.000182	0.000251	0.000246	-11449.257
4680	8	11111111	0.000455	0.000394	0.000287	0.000253	0.000142	0.000353	0.000249	0.000131	-11444.891
4690	8	11111111	0.000441	0.000425	0.000263	0.000231	0.000170	0.000361	0.000230	0.000322	-11446.847
4700	8	11111111	0.000429	0.000407	0.000298	0.000277	0.000181	0.000382	0.000272	0.000268	-11434.480
4710	8	11111111	0.000526	0.000506	0.000386	0.000373	0.000254	0.000465	0.000446	0.000360	-11439.803
4720	8	11111111	0.000569	0.000499	0.000439	0.000424	0.000289	0.000559	0.000372	0.000170	-11433.369
4730	8	11111111	0.000591	0.000536	0.000485	0.000441	0.000295	0.000575	0.000494	0.000317	-11444.575
4740	7	11111110	0.000491	0.000403	0.000354	0.000286	0.000232	0.000487	0.000402	-11442.394
4750	8	11111111	0.000474	0.000368	0.000283	0.000223	0.000181	0.000428	0.000418	0.000280	-11437.121
4760	8	11111111	0.000508	0.000471	0.000302	0.000276	0.000246	0.000410	0.000344	0.000307	-11434.927
4770	8	11111111	0.000490	0.000474	0.000410	0.000341	0.000327	0.000414	0.000339	0.000166	-11444.643
4780	8	11111111	0.000510	0.000493	0.000446	0.000350	0.000321	0.000407	0.000396	0.000017	-11441.824
4790	8	11111111	0.000493	0.000490	0.000449	0.000369	0.000215	0.000420	0.000216	0.000229	-11448.957
4800	8	11111111	0.000525	0.000525	0.000374	0.000298	0.000270	0.000499	0.000482	0.000363	-11457.047
4810	8	11111111	0.000705	0.000694	0.000619	0.000545	0.000512	0.000667	0.000392	0.000433	-11446.340
4820	8	11111111	0.000548	0.000531	0.000403	0.000392	0.000297	0.000529	0.000520	0.000205	-11455.381
4830	8	11111111	0.000657	0.000615	0.000534	0.000375	0.000370	0.000653	0.000598	0.000285	-11438.800
4840	7	11111110	0.000667	0.000658	0.000605	0.000423	0.000331	0.000620	0.000584	-11442.441
4850	7	11111110	0.000710	0.000694	0.000586	0.000479	0.000434	0.000501	0.000159	-11431.834
4860	7	11111110	0.000592	0.000563	0.000502	0.000384	0.000362	0.000477	0.000304	-11435.471
4870	7	11111110	0.000700	0.000648	0.000615	0.000431	0.000428	0.000606	0.000487	-11447.030
4880	8	11111111	0.000852	0.000852	0.000683	0.000536	0.000275	0.000786	0.000625	0.000771	-11453.315
4890	8	11111111	0.000721	0.000713	0.000662	0.000365	0.000219	0.000696	0.000482	0.000315	-11443.609
4900	8	11111111	0.000704	0.000671	0.000646	0.000340	0.000253	0.000690	0.000572	0.000206	-11445.377
4910	8	11111111	0.000906	0.000832	0.000736	0.000388	0.000326	0.000886	0.000861	0.000189	-11451.086
4920	8	11111111	0.000805	0.000730	0.000631	0.000362	0.000228	0.000771	0.000629	0.000448	-11464.304
4930	8	11111111	0.000910	0.000797	0.000786	0.000488	0.000345	0.000904	0.000827	0.000492	-11459.521
4940	8	11111111	0.000769	0.000720	0.000648	0.000524	0.000344	0.000766	0.000633	0.000476	-11448.124
4950	8	11111111	0.000857	0.000851	0.000770	0.000729	0.000620	0.000615	0.000404	0.000428	-11453.200
4960	7	11111110	0.000817	0.000791	0.000724	0.000657	0.000310	0.000729	0.000461	-11452.461
4970	7	11111110	0.000800	0.000787	0.000746	0.000649	0.000521	0.000774	0.000617	-11449.057
4980	8	11111111	0.000865	0.000849	0.000835	0.000820	0.000804	0.000847	0.000754	0.000433	-11446.854
4990	8	11111111	0.000940	0.000922	0.000832	0.000801	0.000765	0.000931	0.000650	0.000179	-11449.893
5000	8	11111111	0.000768	0.000753	0.000663	0.000626	0.000610	0.000750	0.000670	0.000193	-11446.835
5010	7	11111110	0.000835	0.000816	0.000752	0.000713	0.000664	0.000816	0.000356	-11440.652
5020	8	11111111	0.000701	0.000681	0.000664	0.000595	0.000552	0.000699	0.000406	0.000488	-11440.027
5030	8	11111111	0.000722	0.000663	0.000636	0.000516	0.000438	0.000644	0.000429	0.000243	-11446.376
5040	8	11111111	0.000620	0.000576	0.000529	0.000400	0.000385	0.000604	0.000451	0.000412	-11452.095
5050	8	11111111	0.000738	0.000699	0.000641	0.000607	0.000585	0.000684	0.000579	0.000385	-11450.301
5060	8	11111111	0.000863	0.000797	0.000794	0.000707	0.000444	0.000854	0.000717	0.000616	-11463.123
5070	8	11111111	0.000583	0.000539	0.000536	0.000310	0.000248	0.000558	0.000378	0.000315	-11439.468
5080	8	11111111	0.000511	0.000506	0.000472	0.000320	0.000289	0.000469	0.000423	0.000305	-11452.067
5090	8	11111111	0.000553	0.000540	0.000485	0.000388	0.000267	0.000454	0.000218	0.000435	-11443.041
5100	8	11111111	0.000588	0.000521	0.000477	0.000267	0.000228	0.000569	0.000308	0.000223	-11457.638
5110	7	11111110	0.000636	0.000566	0.000515	0.000355	0.000211	0.000624	0.000435	-11441.054
5120	7	11110111	0.000715	0.000613	0.000546	0.000286	0.000703	0.000455	0.000069	-11435.395
5130	7	11110111	0.000615	0.000541	0.000347	0.000076	0.000596	0.000275	0.000196	-11437.011
5140	8	11111111	0.000548	0.000384	0.000338	0.000082	0.000059	0.000545	0.000310	0.000403	-11445.510
5150	8	11111111	0.000642	0.000503	0.000412	0.000089	0.000078	0.000640	0.000443	0.000576	-11455.084
5160	8	11111111	0.000763	0.000507	0.000489	0.000146	0.000101	0.000747	0.000704	0.000551	-11450.059
5170	8	11111111	0.000700	0.000500	0.000286	0.000240	0.000239	0.000680	0.000646	0.000653	-11444.997
5180	8	11111111	0.000741	0.000726	0.000595	0.000351	0.000347	0.000654	0.000562	0.000549	-11453.344
5190	8	11111111	0.000667	0.000620	0.000464	0.000322	0.000318	0.000621	0.000541	0.000271	-11449.327
5200	8	11111111	0.000656	0.000650	0.000369	0.000369	0.000357	0.000543	0.000532	0.000495	-11443.037
5210	7	11111110	0.000760	0.000752	0.000468	0.000420	0.000293	0.000658	0.000538	-11440.616
5220	8	11111111	0.000640	0.000498	0.000382	0.000297	0.000099	0.000519	0.000504	0.000369	-11457.393
5230	8	11111111	0.000640	0.000557	0.000532	0.000416	0.000192	0.000539	0.000370	0.000226	-11457.600
5240	8	11111111	0.000612	0.000525	0.000517	0.000351	0.000245	0.000481	0.000458	0.000405	-11446.004
5250	8	11111111	0.000676	0.000434	0.000370	0.000287	0.000217	0.000641	0.000377	0.000344	-11436.036
5260	8	11111111	0.000743	0.000553	0.000451	0.000416	0.000287	0.000700	0.000536	0.000498	-11443.885
5270	8	11111111	0.000766	0.000703	0.000488	0.000249	0.000097	0.000496	0.000250	0.000227	-11446.789
5280	8	11111111	0.000873	0.000666	0.000602	0.000273	0.000085	0.000828	0.000411	0.000405	-11451.166
5290	7	11111110	0.000826	0.000715	0.000522	0.000449	0.000359	0.000732	0.000510	-11461.826
5300	8	11111111	0.000691	0.000662	0.000504	0.000410	0.000185	0.000620	0.000608	0.000242	-11448.625
5310	8	11111111	0.000744	0.000728	0.000621	0.000570	0.000272	0.000616	0.000402	0.000228	-11438.548
5320	8	11111111	0.000765	0.000763	0.000599	0.000534	0.000380	0.000508	0.000381	0.000284	-11442.278
5330	7	11111110	0.000631	0.000620	0.000581	0.000317	0.000290	0.000565	0.000479	-11449.446
5340	7	11111110	0.000548	0.000497	0.000365	0.000294	0.000163	0.000466	0.000250	-11452.785
5350	7	11111110	0.000565	0.000464	0.000459	0.000396	0.000387	0.000522	0.000345	-11449.510
5360	7	11111110	0.000729	0.000635	0.000589	0.000566	0.000413	0.000685	0.000245	-11442.012
5370	8	11111111	0.000702	0.000651	0.000548	0.000531	0.000345	0.000609	0.000204	0.000034	-11442.094
5380	8	11111111	0.000887	0.000792	0.000692	0.000678	0.000472	0.000875	0.000670	0.000399	-11452.293
5390	8	11111111	0.000843	0.000773	0.000573	0.000536	0.000474	0.000833	0.000719	0.000322	-11450.762
5400	8	11111111	0.000760	0.000740	0.000636	0.000467	0.000390	0.000476	0.000308	0.000056	-11445.227
5410	8	11111111	0.000713	0.000687	0.000596	0.000423	0.000372	0.000696	0.000626	0.000137	-11457.761
5420	8	11111111	0.000779	0.000742	0.000708	0.000501	0.000283	0.000747	0.000684	0.000306	-11450.333
5430	8	11111111	0.000747	0.000704	0.000672	0.000626	0.000346	0.000696	0.000503	0.000334	-11449.886
5440	8	11111111	0.000892	0.000882	0.000443	0.000224	0.000135	0.000877	0.000668	0.000192	-11444.732
5450	7	11111110	0.001030	0.000796	0.000756	0.000662	0.000643	0.001008	0.000915	-11441.603
5460	8	11111111	0.000882	0.000693	0.000652	0.000561	0.000534	0.000875	0.000868	0.000563	-11444.947
5470	8	11111111	0.000664	0.000545	0.000510	0.000411	0.000339	0.000608	0.000435	0.000478	-11448.461
5480	8	11111111	0.000664	0.000583	0.000491	0.000489	0.000173	0.000613	0.000491	0.000175	-11443.636
5490	8	11111111	0.000866	0.000826	0.000644	0.000572	0.000070	0.000803	0.000406	0.000346	-11447.598
5500	8	11111111	0.000807	0.000782	0.000592	0.000464	0.000036	0.000353	0.000209	0.000297	-11447.964
5510	7	11110111	0.000834	0.000764	0.000685	0.000589	0.000457	0.000179	0.000385	-11458.599
5520	8	11111111	0.000885	0.000816	0.000595	0.000362	0.000302	0.000504	0.000437	0.000470	-11453.066
5530	8	11111111	0.000790	0.000552	0.000475	0.000457	0.000454	0.000756	0.000605	0.000439	-11442.169
5540	8	11111111	0.000682	0.000446	0.000428	0.000412	0.000392	0.000534	0.000457	0.000296	-11455.456
5550	8	11111111	0.000767	0.000501	0.000488	0.000487	0.000467	0.000663	0.000446	0.000577	-11451.413
5560	7	11111110	0.000824	0.000650	0.000565	0.000511	0.000508	0.000713	0.000661	-11440.004
5570	7	11111110	0.000824	0.000767	0.000683	0.000571	0.000360	0.000709	0.000620	-11441.278
5580	8	11111111	0.000795	0.000671	0.000671	0.000345	0.000257	0.000680	0.000628	0.000101	-11449.382
5590	8	11111111	0.000735	0.000464	0.000458	0.000356	0.000245	0.000614	0.000552	0.000107	-11443.973
5600	8	11111111	0.000818	0.000740	0.000689	0.000567	0.000451	0.000686	0.000183	0.000174	-11450.516
5610	8	11111111	0.000685	0.000557	0.000541	0.000505	0.000453	0.000610	0.000515	0.000232	-11446.803
5620	8	11111111	0.000698	0.000607	0.000490	0.000426	0.000410	0.000644	0.000530	0.000058	-11456.470
5630	8	11111111	0.000782	0.000721	0.000608	0.000454	0.000359	0.000771	0.000564	0.000580	-11467.174
5640	8	11111111	0.000761	0.000749	0.000646	0.000366	0.000238	0.000740	0.000501	0.000580	-11462.245
5650	8	11111111	0.000956	0.000943	0.000921	0.000398	0.000373	0.000761	0.000639	0.000465	-11452.090
5660	8	11111111	0.000954	0.000949	0.000902	0.000711	0.000650	0.000888	0.000694	0.000277	-11445.509
5670	8	11111111	0.000777	0.000724	0.000675	0.000559	0.000545	0.000544	0.000366	0.000296	-11449.737
5680	8	11111111	0.000813	0.000757	0.000740	0.000681	0.000241	0.000660	0.000618	0.000543	-11453.322
5690	8	11111111	0.000631	0.000517	0.000487	0.000462	0.000404	0.000537	0.000433	0.000192	-11448.145
5700	8	11111111	0.000697	0.000667	0.000493	0.000480	0.000292	0.000630	0.000254	0.000496	-11443.932
5710	8	11111111	0.000777	0.000690	0.000510	0.000437	0.000343	0.000758	0.000501	0.000122	-11444.296
5720	8	11111111	0.000742	0.000572	0.000367	0.000337	0.000319	0.000662	0.000626	0.000273	-11453.774
5730	8	11111111	0.000933	0.000801	0.000433	0.000417	0.000379	0.000802	0.000736	0.000207	-11464.819
5740	8	11111111	0.000784	0.000682	0.000364	0.000342	0.000313	0.000757	0.000564	0.000692	-11443.687
5750	8	11111111	0.000639	0.000619	0.000587	0.000283	0.000247	0.000610	0.000459	0.000063	-11447.536
5760	8	11111111	0.000645	0.000622	0.000598	0.000501	0.000428	0.000624	0.000319	0.000354	-11450.092
5770	8	11111111	0.000768	0.000764	0.000676	0.000576	0.000507	0.000742	0.000562	0.000239	-11450.107
5780	8	11111111	0.000793	0.000701	0.000551	0.000543	0.000524	0.000703	0.000650	0.000323	-11440.323
5790	8	11111111	0.000794	0.000706	0.000579	0.000529	0.000525	0.000777	0.000552	0.000625	-11444.968
5800	8	11111111	0.000794	0.000698	0.000678	0.000666	0.000220	0.000770	0.000489	0.000721	-11450.129
5810	8	11111111	0.000794	0.000705	0.000603	0.000556	0.000465	0.000735	0.000695	0.000269	-11458.815
5820	8	11111111	0.000984	0.000925	0.000888	0.000740	0.000337	0.000947	0.000514	0.000091	-11446.208
5830	7	11111110	0.001001	0.000810	0.000717	0.000497	0.000265	0.000631	0.000439	-11446.891
5840	7	11111110	0.000949	0.000814	0.000730	0.000572	0.000387	0.000792	0.000543	-11461.498
5850	8	11111111	0.000855	0.000730	0.000647	0.000548	0.000480	0.000823	0.000398	0.000023	-11444.477
5860	8	11111111	0.000855	0.000648	0.000587	0.000540	0.000329	0.000842	0.000642	0.000236	-11440.906
5870	8	11111111	0.000725	0.000653	0.000583	0.000415	0.000364	0.000708	0.000495	0.000477	-11448.753
5880	8	11111111	0.000873	0.000846	0.000548	0.000497	0.000384	0.000853	0.000542	0.000294	-11450.233
5890	7	11111110	0.000734	0.000665	0.000570	0.000372	0.000370	0.000729	0.000128	-11460.121
5900	8	11111111	0.000591	0.000541	0.000411	0.000262	0.000234	0.000588	0.000410	0.000099	-11454.677
5910	7	11111110	0.000836	0.000631	0.000550	0.000395	0.000383	0.000835	0.000793	-11448.824
5920	7	11111110	0.000700	0.000624	0.000578	0.000522	0.000378	0.000699	0.000381	-11451.854
5930	8	11111111	0.000740	0.000688	0.000638	0.000582	0.000321	0.000715	0.000405	0.000619	-11447.140
5940	8	11111111	0.000945	0.000867	0.000623	0.000487	0.000327	0.000659	0.000403	0.000262	-11450.083
5950	8	11111111	0.000886	0.000803	0.000564	0.000415	0.000359	0.000573	0.000542	0.000456	-11449.544
5960	8	11111111	0.000819	0.000715	0.000514	0.000350	0.000332	0.000743	0.000599	0.000474	-11447.653
5970	8	11111111	0.000751	0.000736	0.000468	0.000375	0.000313	0.000749	0.000441	0.000384	-11449.733
5980	8	11111111	0.000923	0.000909	0.000887	0.000501	0.000264	0.000922	0.000695	0.000182	-11440.602
5990	8	11111111	0.000832	0.000792	0.000764	0.000726	0.000711	0.000831	0.000644	0.000377	-11454.285
6000	8	11111111	0.000722	0.000663	0.000646	0.000643	0.000585	0.000721	0.000564	0.000314	-11450.731
6010	8	11111111	0.000679	0.000628	0.000603	0.000589	0.000365	0.000678	0.000440	0.000145	-11442.831
6020	8	11111111	0.000632	0.000571	0.000569	0.000540	0.000248	0.000442	0.000286	0.000210	-11450.197
6030	8	11111111	0.000663	0.000605	0.000602	0.000503	0.000494	0.000625	0.000366	0.000310	-11455.279
6040	8	11111111	0.000637	0.000572	0.000566	0.000473	0.000349	0.000541	0.000540	0.000367	-11453.255
6050	8	11111111	0.000612	0.000582	0.000431	0.000391	0.000378	0.000524	0.000520	0.000370	-11444.485
6060	8	11111111	0.000611	0.000588	0.000471	0.000389	0.000342	0.000487	0.000369	0.000441	-11455.848
6070	8	11111111	0.000659	0.000655	0.000583	0.000246	0.000083	0.000534	0.000437	0.000389	-11456.456
6080	8	11111111	0.000722	0.000566	0.000383	0.000285	0.000208	0.000687	0.000595	0.000480	-11455.922
6090	8	11111111	0.000602	0.000556	0.000472	0.000343	0.000253	0.000337	0.000320	0.000199	-11457.833
6100	7	11111110	0.000734	0.000684	0.000600	0.000354	0.000283	0.000586	0.000344	-11457.189
6110	8	11111111	0.000782	0.000636	0.000382	0.000321	0.000206	0.000514	0.000489	0.000183	-11442.563
6120	8	11111111	0.000851	0.000698	0.000608	0.000271	0.000208	0.000771	0.000535	0.000391	-11449.889
6130	8	11111111	0.000841	0.000819	0.000532	0.000290	0.000194	0.000817	0.000381	0.000475	-11445.890
6140	7	11111110	0.000761	0.000689	0.000592	0.000381	0.000226	0.000735	0.000595	-11450.005
6150	8	11111111	0.000887	0.000862	0.000673	0.000594	0.000168	0.000746	0.000619	0.000659	-11451.274
6160	8	11111111	0.000909	0.000837	0.000795	0.000579	0.000531	0.000897	0.000878	0.000125	-11454.085
6170	8	11111111	0.000965	0.000870	0.000654	0.000427	0.000314	0.000931	0.000885	0.000471	-11448.291
6180	8	11111111	0.000965	0.000867	0.000753	0.000486	0.000386	0.000946	0.000685	0.000590	-11457.331
6190	8	11111111	0.000850	0.000716	0.000574	0.000571	0.000416	0.000799	0.000582	0.000334	-11451.048
6200	8	11111111	0.000753	0.000497	0.000421	0.000244	0.000182	0.000734	0.000581	0.000464	-11447.431
6210	8	11111111	0.000756	0.000735	0.000274	0.000217	0.000200	0.000713	0.000459	0.000298	-11448.491
6220	7	11111101	0.000756	0.000729	0.000435	0.000307	0.000263	0.000745	0.000704	-11447.265
6230	8	11111111	0.000703	0.000677	0.000638	0.000482	0.000457	0.000626	0.000553	0.000337	-11449.663
6240	8	11111111	0.000661	0.000623	0.000539	0.000449	0.000369	0.000631	0.000613	0.000348	-11453.216
6250	8	11111111	0.000853	0.000785	0.000724	0.000489	0.000483	0.000836	0.000751	0.000550	-11447.315
6260	8	11111111	0.000764	0.000724	0.000595	0.000429	0.000400	0.000745	0.000745	0.000458	-11445.025
6270	8	11111111	0.000647	0.000594	0.000588	0.000260	0.000228	0.000615	0.000563	0.000192	-11448.701
6280	8	11111111	0.000511	0.000451	0.000403	0.000208	0.000163	0.000486	0.000477	0.000210	-11450.957
6290	8	11111111	0.000536	0.000435	0.000391	0.000269	0.000221	0.000523	0.000311	0.000225	-11456.119
6300	8	11111111	0.000624	0.000438	0.000414	0.000274	0.000257	0.000623	0.000478	0.000352	-11444.383
6310	8	11111111	0.000628	0.000623	0.000353	0.000247	0.000206	0.000548	0.000490	0.000272	-11449.751
6320	8	11111111	0.000694	0.000647	0.000637	0.000616	0.000324	0.000658	0.000297	0.000409	-11447.081
6330	8	11111111	0.000694	0.000588	0.000561	0.000471	0.000459	0.000565	0.000188	0.000173	-11459.547
6340	8	11111111	0.000706	0.000608	0.000601	0.000435	0.000295	0.000329	0.000312	0.000306	-11444.914
6350	8	11111111	0.000641	0.000542	0.000503	0.000379	0.000233	0.000575	0.000416	0.000315	-11447.502
6360	8	11111111	0.000626	0.000545	0.000477	0.000406	0.000378	0.000500	0.000460	0.000402	-11437.942
6370	8	11111111	0.000626	0.000592	0.000548	0.000423	0.000305	0.000424	0.000300	0.000160	-11443.697
6380	8	11111111	0.000809	0.000761	0.000675	0.000631	0.000479	0.000544	0.000285	0.000487	-11452.085
6390	8	11111111	0.000818	0.000780	0.000727	0.000659	0.000462	0.000635	0.000489	0.000403	-11440.483
6400	8	11111111	0.000718	0.000657	0.000656	0.000303	0.000087	0.000539	0.000431	0.000383	-11438.851
6410	8	11111111	0.000712	0.000674	0.000662	0.000397	0.000217	0.000642	0.000317	0.000300	-11441.092
6420	7	11111110	0.000712	0.000701	0.000681	0.000323	0.000147	0.000609	0.000308	-11446.675
6430	8	11111111	0.000711	0.000698	0.000612	0.000251	0.000222	0.000685	0.000493	0.000170	-11439.520
6440	7	11111110	0.000763	0.000753	0.000550	0.000271	0.000065	0.000620	0.000447	-11442.548
6450	7	11111110	0.000675	0.000606	0.000287	0.000285	0.000210	0.000424	0.000375	-11453.122
6460	8	11111111	0.000774	0.000690	0.000667	0.000407	0.000252	0.000560	0.000364	0.000256	-11441.420
6470	8	11111111	0.000882	0.000751	0.000655	0.000377	0.000323	0.000474	0.000415	0.000206	-11442.662
6480	8	11111111	0.000834	0.000761	0.000683	0.000556	0.000474	0.000712	0.000648	0.000348	-11438.954
6490	8	11111111	0.000819	0.000657	0.000568	0.000506	0.000448	0.000784	0.000659	0.000639	-11453.490
6500	7	11111110	0.000905	0.000674	0.000586	0.000512	0.000269	0.000831	0.000525	-11441.134
6510	8	11111111	0.000825	0.000778	0.000581	0.000545	0.000396	0.000746	0.000690	0.000692	-11450.005
6520	8	11111111	0.000696	0.000556	0.000541	0.000228	0.000212	0.000685	0.000642	0.000555	-11438.198
6530	8	11111111	0.001014	0.000963	0.000520	0.000273	0.000203	0.000998	0.000690	0.000378	-11443.871
6540	8	11111111	0.000874	0.000824	0.000554	0.000492	0.000351	0.000858	0.000641	0.000599	-11452.829
6550	8	11111111	0.000803	0.000762	0.000423	0.000307	0.000255	0.000770	0.000625	0.000629	-11445.446
6560	8	11111111	0.000803	0.000602	0.000561	0.000407	0.000290	0.000745	0.000526	0.000549	-11447.338
6570	8	11111111	0.000680	0.000577	0.000441	0.000251	0.000196	0.000626	0.000375	0.000174	-11436.947
6580	8	11111111	0.000710	0.000686	0.000425	0.000341	0.000211	0.000692	0.000373	0.000083	-11439.844
6590	8	11111111	0.000651	0.000483	0.000397	0.000313	0.000282	0.000595	0.000070	0.000002	-11444.495
6600	7	11111110	0.000647	0.000580	0.000313	0.000258	0.000211	0.000639	0.000336	-11459.998
6610	8	11111111	0.000752	0.000748	0.000319	0.000250	0.000141	0.000743	0.000304	0.000270	-11437.397
6620	8	11111111	0.000821	0.000817	0.000644	0.000214	0.000135	0.000807	0.000729	0.000052	-11444.735
6630	8	11111111	0.000818	0.000769	0.000498	0.000321	0.000279	0.000748	0.000630	0.000353	-11440.751
6640	8	11111111	0.000712	0.000676	0.000534	0.000409	0.000302	0.000653	0.000394	0.000499	-11454.729
6650	8	11111111	0.000685	0.000527	0.000407	0.000344	0.000227	0.000563	0.000508	0.000464	-11445.066
6660	8	11111111	0.000643	0.000554	0.000494	0.000290	0.000264	0.000561	0.000367	0.000140	-11448.976
6670	7	11111110	0.000655	0.000455	0.000368	0.000362	0.000345	0.000599	0.000257	-11436.420
6680	8	11111111	0.000672	0.000489	0.000393	0.000355	0.000344	0.000504	0.000384	0.000420	-11440.433
6690	8	11111111	0.000636	0.000440	0.000383	0.000332	0.000320	0.000611	0.000266	0.000215	-11451.485
6700	8	11111111	0.000592	0.000476	0.000416	0.000368	0.000358	0.000511	0.000191	0.000417	-11444.555
6710	8	11111111	0.000616	0.000516	0.000400	0.000333	0.000225	0.000554	0.000359	0.000243	-11448.419
6720	8	11111111	0.000513	0.000481	0.000288	0.000114	0.000066	0.000315	0.000204	0.000269	-11433.277
6730	8	11111111	0.000513	0.000389	0.000224	0.000173	0.000120	0.000478	0.000360	0.000244	-11439.193
6740	8	11111111	0.000513	0.000364	0.000273	0.000202	0.000130	0.000473	0.000389	0.000298	-11442.053
6750	8	11111111	0.000492	0.000485	0.000363	0.000214	0.000185	0.000448	0.000357	0.000107	-11450.620
6760	8	11111111	0.000456	0.000418	0.000353	0.000198	0.000184	0.000446	0.000265	0.000086	-11436.623
6770	8	11111111	0.000520	0.000465	0.000427	0.000372	0.000318	0.000514	0.000459	0.000179	-11430.430
6780	8	11111111	0.000612	0.000596	0.000507	0.000377	0.000293	0.000599	0.000519	0.000317	-11435.204
6790	8	11111111	0.000522	0.000419	0.000375	0.000323	0.000256	0.000514	0.000362	0.000306	-11434.850
6800	8	11111111	0.000625	0.000499	0.000404	0.000381	0.000270	0.000611	0.000334	0.000126	-11441.948
6810	7	11111110	0.000652	0.000490	0.000447	0.000438	0.000340	0.000515	0.000464	-11447.904
6820	8	11111111	0.000614	0.000463	0.000437	0.000418	0.000404	0.000588	0.000519	0.000093	-11448.606
6830	8	11111111	0.000512	0.000469	0.000442	0.000358	0.000326	0.000477	0.000355	0.000057	-11436.477
6840	8	11111111	0.000477	0.000377	0.000326	0.000283	0.000281	0.000475	0.000283	0.000448	-11445.199
6850	8	11111111	0.000639	0.000497	0.000428	0.000282	0.000241	0.000606	0.000352	0.000595	-11454.070
6860	8	11111111	0.000518	0.000471	0.000320	0.000279	0.000214	0.000435	0.000257	0.000339	-11449.688
6870	8	11111111	0.000610	0.000399	0.000386	0.000365	0.000327	0.000572	0.000418	0.000462	-11441.380
6880	8	11111111	0.000590	0.000429	0.000402	0.000279	0.000162	0.000485	0.000412	0.000460	-11441.101
6890	8	11111111	0.000661	0.000511	0.000508	0.000379	0.000334	0.000631	0.000355	0.000563	-11455.972
6900	8	11111111	0.000554	0.000436	0.000384	0.000300	0.000267	0.000505	0.000447	0.000441	-11434.255
6910	8	11111111	0.000659	0.000588	0.000565	0.000487	0.000260	0.000609	0.000556	0.000268	-11443.758
6920	8	11111111	0.000729	0.000647	0.000609	0.000464	0.000434	0.000720	0.000467	0.000198	-11445.183
6930	8	11111111	0.000683	0.000665	0.000587	0.000509	0.000478	0.000608	0.000493	0.000417	-11446.805
6940	8	11111111	0.000581	0.000576	0.000513	0.000476	0.000400	0.000558	0.000457	0.000178	-11452.569
6950	7	11111110	0.000611	0.000581	0.000491	0.000471	0.000462	0.000604	0.000346	-11445.196
6960	8	11111111	0.000466	0.000454	0.000418	0.000395	0.000366	0.000451	0.000389	0.000029	-11444.399
6970	8	11111111	0.000570	0.000517	0.000495	0.000470	0.000275	0.000564	0.000547	0.000112	-11434.721
6980	7	11111110	0.000570	0.000509	0.000507	0.000409	0.000269	0.000536	0.000483	-11452.847
6990	8	11111111	0.000652	0.000600	0.000588	0.000376	0.000261	0.000602	0.000341	0.000143	-11460.367
7000	8	11111111	0.000671	0.000612	0.000604	0.000376	0.000282	0.000626	0.000499	0.000235	-11438.769
7010	8	11111111	0.000790	0.000726	0.000673	0.000368	0.000301	0.000786	0.000526	0.000336	-11446.396
7020	8	11111111	0.000745	0.000654	0.000407	0.000333	0.000285	0.000741	0.000566	0.000314	-11453.793
7030	8	11111111	0.000835	0.000815	0.000720	0.000472	0.000383	0.000774	0.000540	0.000489	-11446.418
7040	8	11111111	0.000795	0.000766	0.000734	0.000386	0.000383	0.000677	0.000523	0.000583	-11456.966
7050	8	11111111	0.000795	0.000754	0.000676	0.000527	0.000317	0.000769	0.000467	0.000528	-11457.031
7060	8	11111111	0.000673	0.000580	0.000476	0.000354	0.000347	0.000491	0.000278	0.000315	-11446.549
7070	8	11111111	0.000715	0.000713	0.000480	0.000374	0.000369	0.000504	0.000483	0.000411	-11448.357
7080	7	11111110	0.000670	0.000581	0.000511	0.000381	0.000346	0.000519	0.000364	-11451.563
7090	7	11111110	0.000808	0.000762	0.000572	0.000397	0.000306	0.000729	0.000443	-11439.035
7100	8	11111111	0.000808	0.000618	0.000507	0.000253	0.000244	0.000801	0.000705	0.000248	-11448.107
7110	8	11111111	0.000842	0.000706	0.000653	0.000255	0.000228	0.000835	0.000412	0.000227	-11443.455
7120	8	11111111	0.000876	0.000594	0.000456	0.000253	0.000209	0.000868	0.000546	0.000200	-11439.966
7130	8	11111111	0.000681	0.000661	0.000584	0.000173	0.000037	0.000678	0.000303	0.000450	-11459.898
7140	8	11111111	0.000850	0.000673	0.000348	0.000291	0.000152	0.000844	0.000482	0.000215	-11444.062
7150	8	11111111	0.000850	0.000475	0.000226	0.000170	0.000107	0.000787	0.000635	0.000530	-11447.932
7160	8	11111111	0.000722	0.000281	0.000247	0.000201	0.000183	0.000606	0.000530	0.000578	-11450.620
7170	8	11111111	0.000879	0.000295	0.000226	0.000180	0.000107	0.000752	0.000728	0.000224	-11435.583
7180	8	11111111	0.000789	0.000633	0.000342	0.000220	0.000082	0.000665	0.000649	0.000547	-11443.642
7190	8	11111111	0.000840	0.000756	0.000235	0.000119	0.000088	0.000795	0.000420	0.000197	-11460.148
7200	8	11111111	0.000730	0.000535	0.000343	0.000303	0.000203	0.000561	0.000443	0.000163	-11452.354
7210	8	11111111	0.000870	0.000662	0.000528	0.000339	0.000274	0.000783	0.000634	0.000348	-11456.521
7220	8	11111111	0.000893	0.000727	0.000660	0.000472	0.000415	0.000763	0.000512	0.000116	-11447.955
7230	8	11111111	0.000731	0.000609	0.000476	0.000402	0.000392	0.000717	0.000269	0.000205	-11455.474
7240	7	11111110	0.000819	0.000587	0.000582	0.000424	0.000417	0.000529	0.000515	-11442.439
7250	7	11111110	0.000652	0.000561	0.000501	0.000429	0.000245	0.000498	0.000408	-11451.516
7260	8	11111111	0.000652	0.000589	0.000540	0.000177	0.000082	0.000634	0.000581	0.000130	-11460.041
7270	8	11111111	0.000612	0.000560	0.000386	0.000195	0.000191	0.000595	0.000529	0.000397	-11451.661
7280	8	11111111	0.000679	0.000665	0.000519	0.000386	0.000308	0.000633	0.000524	0.000267	-11445.154
7290	8	11111111	0.000597	0.000585	0.000392	0.000339	0.000322	0.000474	0.000471	0.000116	-11455.556
7300	8	11111111	0.000583	0.000571	0.000364	0.000286	0.000253	0.000580	0.000370	0.000475	-11438.680
7310	8	11111111	0.000651	0.000547	0.000451	0.000318	0.000204	0.000588	0.000560	0.000550	-11448.307
7320	8	11111111	0.000701	0.000548	0.000503	0.000262	0.000225	0.000626	0.000603	0.000470	-11450.074
7330	8	11111111	0.000582	0.000530	0.000391	0.000274	0.000261	0.000513	0.000453	0.000205	-11447.170
7340	8	11111111	0.000545	0.000477	0.000419	0.000274	0.000200	0.000452	0.000437	0.000324	-11449.497
7350	8	11111111	0.000700	0.000616	0.000471	0.000219	0.000029	0.000693	0.000636	0.000165	-11456.955
7360	8	11111111	0.000700	0.000626	0.000549	0.000252	0.000181	0.000671	0.000636	0.000387	-11447.654
7370	8	11111111	0.000733	0.000556	0.000499	0.000237	0.000152	0.000668	0.000656	0.000135	-11451.447
7380	7	11111110	0.000690	0.000516	0.000505	0.000263	0.000249	0.000457	0.000348	-11443.063
7390	8	11111111	0.000686	0.000526	0.000516	0.000324	0.000104	0.000614	0.000405	0.000464	-11461.299
7400	8	11111111	0.000649	0.000606	0.000446	0.000270	0.000137	0.000639	0.000582	0.000399	-11451.081
7410	7	11111110	0.000531	0.000459	0.000296	0.000222	0.000170	0.000510	0.000487	-11446.045
7420	8	11111111	0.000549	0.000428	0.000211	0.000186	0.000155	0.000524	0.000478	0.000056	-11435.587
7430	8	11111111	0.000490	0.000259	0.000210	0.000161	0.000142	0.000472	0.000470	0.000193	-11432.568
7440	8	11111111	0.000539	0.000424	0.000264	0.000243	0.000232	0.000528	0.000517	0.000361	-11443.159
7450	8	11111111	0.000533	0.000514	0.000258	0.000207	0.000125	0.000513	0.000512	0.000347	-11438.209
7460	8	11111111	0.000607	0.000600	0.000505	0.000276	0.000228	0.000586	0.000500	0.000104	-11448.558
7470	8	11111111	0.000559	0.000558	0.000487	0.000266	0.000213	0.000549	0.000356	0.000252	-11446.910
7480	8	11111111	0.000441	0.000440	0.000369	0.000326	0.000223	0.000441	0.000357	0.000038	-11443.113
7490	7	11111110	0.000415	0.000399	0.000315	0.000293	0.000224	0.000414	0.000413	-11442.304
7500	8	11111111	0.000489	0.000421	0.000391	0.000280	0.000264	0.000487	0.000472	0.000287	-11443.066
7510	7	11111110	0.000479	0.000412	0.000338	0.000261	0.000231	0.000460	0.000445	-11442.741
7520	7	11111110	0.000502	0.000466	0.000404	0.000382	0.000257	0.000501	0.000495	-11438.562
7530	8	11111111	0.000542	0.000509	0.000437	0.000420	0.000282	0.000540	0.000534	0.000218	-11437.389
7540	8	11111111	0.000493	0.000424	0.000423	0.000398	0.000226	0.000486	0.000486	0.000096	-11448.086
7550	8	11111111	0.000590	0.000539	0.000497	0.000468	0.000188	0.000582	0.000581	0.000453	-11444.469
7560	8	11111111	0.000541	0.000457	0.000397	0.000301	0.000267	0.000539	0.000533	0.000259	-11437.220
7570	8	11111111	0.000646	0.000415	0.000406	0.000357	0.000354	0.000636	0.000636	0.000299	-11450.414
7580	8	11111111	0.000682	0.000537	0.000466	0.000375	0.000126	0.000673	0.000671	0.000507	-11449.244
7590	8	11111111	0.000646	0.000551	0.000450	0.000392	0.000312	0.000510	0.000472	0.000107	-11465.357
7600	8	11111111	0.000646	0.000618	0.000468	0.000467	0.000313	0.000497	0.000436	0.000423	-11445.892
7610	8	11111111	0.000689	0.000559	0.000488	0.000471	0.000115	0.000603	0.000586	0.000153	-11437.363
7620	8	11111111	0.000676	0.000605	0.000497	0.000482	0.000389	0.000674	0.000491	0.000486	-11445.890
7630	8	11111111	0.000618	0.000482	0.000400	0.000396	0.000356	0.000618	0.000601	0.000523	-11453.363
7640	8	11111111	0.000667	0.000478	0.000413	0.000404	0.000249	0.000635	0.000612	0.000553	-11448.411
7650	8	11111111	0.000742	0.000522	0.000443	0.000401	0.000285	0.000641	0.000531	0.000279	-11440.676
7660	8	11111111	0.000763	0.000648	0.000463	0.000412	0.000320	0.000762	0.000564	0.000039	-11440.775
7670	7	11111110	0.000671	0.000637	0.000406	0.000401	0.000285	0.000647	0.000491	-11435.950
7680	8	11111111	0.000746	0.000745	0.000528	0.000410	0.000315	0.000620	0.000182	0.000054	-11467.139
7690	8	11111111	0.000711	0.000681	0.000540	0.000446	0.000263	0.000670	0.000543	0.000208	-11444.087
7700	8	11111111	0.000686	0.000681	0.000251	0.000248	0.000115	0.000649	0.000526	0.000402	-11451.837
7710	8	11111111	0.000618	0.000614	0.000226	0.000218	0.000198	0.000516	0.000474	0.000317	-11451.558
7720	8	11111111	0.000795	0.000790	0.000291	0.000266	0.000264	0.000577	0.000477	0.000467	-11446.611
7730	8	11111111	0.000629	0.000625	0.000465	0.000282	0.000266	0.000625	0.000361	0.000329	-11447.054
7740	8	11111111	0.000805	0.000767	0.000750	0.000431	0.000428	0.000681	0.000407	0.000330	-11438.294
7750	8	11111111	0.000808	0.000551	0.000540	0.000481	0.000464	0.000745	0.000207	0.000214	-11451.576
7760	8	11111111	0.000808	0.000640	0.000579	0.000522	0.000468	0.000779	0.000760	0.000523	-11449.766
7770	8	11111111	0.000974	0.000680	0.000607	0.000564	0.000547	0.000950	0.000916	0.000166	-11440.948
7780	8	11111111	0.000779	0.000741	0.000480	0.000425	0.000373	0.000682	0.000421	0.000329	-11448.007
7790	8	11111111	0.000762	0.000688	0.000501	0.000484	0.000411	0.000524	0.000513	0.000367	-11448.778
7800	8	11111111	0.000762	0.000693	0.000656	0.000579	0.000453	0.000722	0.000682	0.000579	-11449.567
7810	8	11111111	0.000762	0.000732	0.000690	0.000618	0.000237	0.000737	0.000371	0.000422	-11438.089
7820	8	11111111	0.000747	0.000665	0.000652	0.000591	0.000334	0.000727	0.000657	0.000685	-11447.230
7830	8	11111111	0.000730	0.000726	0.000654	0.000399	0.000357	0.000652	0.000382	0.000466	-11456.501
7840	8	11111111	0.000645	0.000588	0.000570	0.000355	0.000190	0.000616	0.000520	0.000329	-11444.056
7850	8	11111111	0.000727	0.000704	0.000546	0.000515	0.000233	0.000690	0.000568	0.000295	-11455.702
7860	8	11111111	0.000705	0.000703	0.000601	0.000418	0.000369	0.000690	0.000569	0.000129	-11447.423
7870	7	11111110	0.000705	0.000663	0.000650	0.000478	0.000464	0.000665	0.000468	-11446.136
7880	8	11111111	0.000580	0.000527	0.000464	0.000452	0.000416	0.000516	0.000508	0.000335	-11453.168
7890	8	11111111	0.000680	0.000636	0.000597	0.000498	0.000491	0.000640	0.000612	0.000623	-11444.451
7900	8	11111111	0.000719	0.000682	0.000538	0.000533	0.000519	0.000654	0.000577	0.000292	-11443.108
7910	8	11111111	0.000845	0.000686	0.000648	0.000603	0.000516	0.000735	0.000679	0.000581	-11447.767
7920	8	11111111	0.000848	0.000735	0.000683	0.000451	0.000382	0.000702	0.000686	0.000260	-11448.909
7930	8	11111111	0.000682	0.000586	0.000528	0.000313	0.000236	0.000636	0.000367	0.000216	-11459.714
7940	8	11111111	0.000735	0.000699	0.000509	0.000358	0.000357	0.000515	0.000512	0.000298	-11449.213
7950	8	11111111	0.000838	0.000726	0.000642	0.000430	0.000411	0.000700	0.000510	0.000157	-11445.231
7960	8	11111111	0.000839	0.000710	0.000674	0.000498	0.000095	0.000816	0.000719	0.000053	-11441.612
7970	8	11111111	0.000771	0.000661	0.000654	0.000539	0.000475	0.000713	0.000687	0.000072	-11449.632
7980	8	11111111	0.000771	0.000727	0.000571	0.000530	0.000386	0.000725	0.000688	0.000462	-11441.923
7990	8	11111111	0.000771	0.000624	0.000570	0.000299	0.000202	0.000667	0.000466	0.000100	-11447.851
8000	8	11111111	0.000771	0.000624	0.000618	0.000327	0.000272	0.000695	0.000489	0.000607	-11450.402
8010	8	11111111	0.000760	0.000709	0.000629	0.000491	0.000341	0.000638	0.000491	0.000550	-11450.881
8020	7	11111110	0.000594	0.000593	0.000545	0.000433	0.000354	0.000524	0.000497	-11450.305
8030	8	11111111	0.000705	0.000702	0.000558	0.000411	0.000388	0.000629	0.000616	0.000222	-11445.440
8040	8	11111111	0.000684	0.000679	0.000641	0.000441	0.000360	0.000605	0.000533	0.000501	-11441.177
8050	8	11111111	0.000757	0.000755	0.000584	0.000455	0.000356	0.000655	0.000534	0.000504	-11448.771
8060	8	11111111	0.000689	0.000687	0.000480	0.000429	0.000324	0.000640	0.000604	0.000459	-11444.196
8070	8	11111111	0.000694	0.000662	0.000569	0.000394	0.000375	0.000654	0.000625	0.000630	-11454.328
8080	8	11111111	0.000799	0.000768	0.000683	0.000536	0.000445	0.000736	0.000582	0.000120	-11448.438
8090	7	11111110	0.000806	0.000724	0.000606	0.000462	0.000460	0.000660	0.000544	-11443.421
8100	8	11111111	0.000699	0.000666	0.000503	0.000386	0.000134	0.000400	0.000390	0.000177	-11448.709
8110	8	11111111	0.000697	0.000673	0.000474	0.000279	0.000247	0.000439	0.000200	0.000327	-11435.385
8120	8	11111111	0.000733	0.000695	0.000666	0.000230	0.000198	0.000610	0.000360	0.000216	-11444.606
8130	8	11111111	0.000589	0.000523	0.000477	0.000298	0.000148	0.000476	0.000453	0.000284	-11450.098
8140	8	11111111	0.000520	0.000517	0.000379	0.000279	0.000225	0.000461	0.000440	0.000173	-11450.111
8150	8	11111111	0.000529	0.000500	0.000445	0.000238	0.000186	0.000486	0.000458	0.000320	-11444.095
8160	8	11111111	0.000485	0.000472	0.000452	0.000263	0.000262	0.000468	0.000373	0.000127	-11437.967
8170	8	11111111	0.000530	0.000522	0.000465	0.000292	0.000287	0.000506	0.000221	0.000261	-11439.209
8180	8	11111111	0.000463	0.000391	0.000388	0.000314	0.000251	0.000403	0.000379	0.000184	-11430.608
8190	8	11111111	0.000432	0.000365	0.000252	0.000212	0.000208	0.000384	0.000312	0.000248	-11451.267
8200	8	11111111	0.000470	0.000422	0.000317	0.000290	0.000261	0.000468	0.000457	0.000409	-11451.117
8210	8	11111111	0.000509	0.000447	0.000429	0.000241	0.000215	0.000509	0.000376	0.000449	-11433.529
8220	8	11111111	0.000533	0.000475	0.000432	0.000336	0.000279	0.000474	0.000416	0.000237	-11454.452
8230	8	11111111	0.000490	0.000484	0.000349	0.000322	0.000263	0.000475	0.000257	0.000247	-11449.468
8240	8	11111111	0.000503	0.000419	0.000369	0.000315	0.000312	0.000477	0.000390	0.000340	-11446.119
8250	8	11111111	0.000497	0.000452	0.000333	0.000324	0.000283	0.000446	0.000343	0.000362	-11452.730
8260	8	11111111	0.000483	0.000412	0.000352	0.000296	0.000265	0.000441	0.000395	0.000232	-11443.075
8270	8	11111111	0.000526	0.000424	0.000370	0.000357	0.000323	0.000452	0.000431	0.000191	-11448.131
8280	8	11111111	0.000533	0.000490	0.000418	0.000401	0.000212	0.000527	0.000414	0.000209	-11448.451
8290	8	11111111	0.000508	0.000388	0.000348	0.000282	0.000275	0.000473	0.000422	0.000453	-11439.716
8300	8	11111111	0.000504	0.000409	0.000395	0.000368	0.000338	0.000483	0.000449	0.000448	-11431.497
8310	8	11111111	0.000560	0.000523	0.000442	0.000416	0.000365	0.000554	0.000417	0.000498	-11445.581
8320	8	11111111	0.000631	0.000501	0.000488	0.000470	0.000465	0.000622	0.000493	0.000620	-11450.515
8330	8	11111111	0.000557	0.000555	0.000473	0.000376	0.000375	0.000550	0.000550	0.000494	-11454.871
8340	8	11111111	0.000614	0.000612	0.000553	0.000414	0.000413	0.000601	0.000601	0.000256	-11447.650
8350	8	11111111	0.000537	0.000505	0.000463	0.000425	0.000360	0.000532	0.000526	0.000215	-11444.484
8360	8	11111111	0.000621	0.000577	0.000540	0.000536	0.000467	0.000446	0.000345	0.000239	-11437.381
8370	7	11111110	0.000666	0.000662	0.000652	0.000486	0.000436	0.000598	0.000581	-11441.885
8380	7	11111110	0.000584	0.000581	0.000547	0.000400	0.000382	0.000508	0.000303	-11442.819
8390	8	11111111	0.000584	0.000506	0.000464	0.000394	0.000378	0.000390	0.000369	0.000261	-11438.607
8400	8	11111111	0.000780	0.000694	0.000560	0.000520	0.000506	0.000591	0.000574	0.000450	-11447.512
8410	8	11111111	0.000780	0.000716	0.000607	0.000407	0.000382	0.000721	0.000628	0.000526	-11443.062
8420	8	11111111	0.000845	0.000807	0.000594	0.000540	0.000529	0.000689	0.000511	0.000626	-11448.572
8430	8	11111111	0.000790	0.000772	0.000693	0.000636	0.000412	0.000705	0.000677	0.000600	-11444.359
8440	8	11111111	0.000697	0.000680	0.000605	0.000477	0.000336	0.000657	0.000597	0.000155	-11458.935
8450	8	11111111	0.000607	0.000590	0.000450	0.000398	0.000089	0.000479	0.000286	0.000046	-11452.442
8460	8	11111111	0.000725	0.000660	0.000487	0.000391	0.000294	0.000550	0.000539	0.000356	-11455.619
8470	8	11111111	0.000818	0.000678	0.000671	0.000438	0.000380	0.000724	0.000603	0.000182	-11436.733
8480	8	11111111	0.000821	0.000759	0.000707	0.000570	0.000192	0.000750	0.000576	0.000159	-11457.759
8490	8	11111111	0.000696	0.000652	0.000620	0.000197	0.000133	0.000689	0.000494	0.000603	-11455.620
8500	7	11111110	0.000838	0.000723	0.000698	0.000456	0.000097	0.000744	0.000603	-11441.709
8510	8	11111111	0.000838	0.000716	0.000555	0.000460	0.000449	0.000812	0.000739	0.000521	-11453.949
8520	8	11111111	0.000827	0.000807	0.000608	0.000504	0.000396	0.000712	0.000439	0.000274	-11454.848
8530	8	11111111	0.000645	0.000592	0.000448	0.000335	0.000213	0.000632	0.000386	0.000459	-11448.770
8540	8	11111111	0.000817	0.000757	0.000740	0.000668	0.000354	0.000796	0.000667	0.000503	-11454.198
8550	8	11111111	0.000612	0.000539	0.000535	0.000482	0.000472	0.000425	0.000397	0.000317	-11462.497
8560	8	11111111	0.000612	0.000598	0.000534	0.000500	0.000287	0.000550	0.000527	0.000435	-11458.169
8570	8	11111111	0.000633	0.000593	0.000538	0.000517	0.000355	0.000567	0.000145	0.000355	-11453.883
8580	8	11111111	0.000667	0.000643	0.000566	0.000503	0.000453	0.000659	0.000518	0.000519	-11445.929
8590	8	11111111	0.000667	0.000598	0.000569	0.000542	0.000373	0.000530	0.000518	0.000353	-11448.084
8600	8	11111111	0.000754	0.000722	0.000679	0.000456	0.000365	0.000658	0.000586	0.000308	-11439.043
8610	8	11111111	0.000674	0.000633	0.000612	0.000548	0.000473	0.000553	0.000502	0.000280	-11448.246
8620	8	11111111	0.000879	0.000803	0.000797	0.000697	0.000216	0.000840	0.000692	0.000302	-11448.187
8630	8	11111111	0.000715	0.000489	0.000416	0.000242	0.000153	0.000469	0.000383	0.000156	-11443.479
8640	8	11111111	0.000896	0.000635	0.000408	0.000382	0.000187	0.000453	0.000451	0.000250	-11446.595
8650	8	11111111	0.000896	0.000792	0.000565	0.000314	0.000207	0.000693	0.000690	0.000155	-11441.870
8660	7	11111110	0.000885	0.000534	0.000471	0.000461	0.000388	0.000595	0.000532	-11453.103
8670	8	11111111	0.000879	0.000563	0.000538	0.000493	0.000311	0.000872	0.000863	0.000116	-11452.409
8680	8	11111111	0.000684	0.000644	0.000589	0.000464	0.000289	0.000658	0.000656	0.000580	-11453.744
8690	8	11111111	0.000838	0.000825	0.000532	0.000503	0.000437	0.000815	0.000651	0.000680	-11446.429
8700	8	11111111	0.000838	0.000645	0.000540	0.000515	0.000456	0.000691	0.000676	0.000568	-11450.179
8710	8	11111111	0.000680	0.000606	0.000441	0.000400	0.000309	0.000506	0.000403	0.000358	-11466.760
8720	8	11111111	0.000795	0.000795	0.000509	0.000436	0.000340	0.000696	0.000365	0.000378	-11462.288
8730	8	11111111	0.000661	0.000637	0.000578	0.000306	0.000188	0.000577	0.000466	0.000551	-11463.741
8740	8	11111111	0.000644	0.000620	0.000605	0.000369	0.000321	0.000639	0.000453	0.000490	-11455.766
8750	8	11111111	0.000765	0.000664	0.000461	0.000399	0.000295	0.000743	0.000611	0.000554	-11449.140
8760	8	11111111	0.000765	0.000660	0.000469	0.000417	0.000410	0.000480	0.000443	0.000214	-11449.896
8770	8	11111111	0.000733	0.000612	0.000466	0.000461	0.000455	0.000658	0.000564	0.000300	-11447.831
8780	8	11111111	0.000893	0.000862	0.000611	0.000572	0.000562	0.000760	0.000627	0.000535	-11444.636
8790	8	11111111	0.000947	0.000920	0.000646	0.000636	0.000400	0.000881	0.000869	0.000264	-11464.247
8800	8	11111111	0.000741	0.000684	0.000568	0.000493	0.000388	0.000730	0.000347	0.000195	-11457.841
8810	8	11111111	0.000779	0.000778	0.000614	0.000495	0.000487	0.000676	0.000346	0.000135	-11444.755
8820	8	11111111	0.000708	0.000687	0.000644	0.000491	0.000310	0.000604	0.000565	0.000462	-11457.762
8830	8	11111111	0.000714	0.000611	0.000428	0.000363	0.000317	0.000593	0.000486	0.000310	-11449.016
8840	8	11111111	0.000587	0.000377	0.000368	0.000292	0.000138	0.000542	0.000397	0.000272	-11448.408
8850	8	11111111	0.000619	0.000493	0.000422	0.000234	0.000169	0.000507	0.000343	0.000172	-11456.127
8860	8	11111111	0.000676	0.000567	0.000448	0.000257	0.000189	0.000575	0.000467	0.000087	-11454.772
8870	8	11111111	0.000700	0.000553	0.000534	0.000236	0.000085	0.000568	0.000527	0.000292	-11454.441
8880	7	11111110	0.000592	0.000587	0.000541	0.000304	0.000253	0.000503	0.000357	-11452.493
8890	7	11111110	0.000665	0.000623	0.000559	0.000330	0.000213	0.000653	0.000534	-11447.052
8900	8	11111111	0.000527	0.000511	0.000431	0.000185	0.000112	0.000493	0.000412	0.000221	-11444.918
8910	8	11111111	0.000634	0.000611	0.000429	0.000346	0.000330	0.000567	0.000512	0.000360	-11443.036
8920	8	11111111	0.000711	0.000668	0.000556	0.000388	0.000384	0.000690	0.000583	0.000378	-11456.253
8930	8	11111111	0.000723	0.000720	0.000565	0.000394	0.000374	0.000578	0.000433	0.000134	-11457.336
8940	8	11111111	0.000741	0.000731	0.000554	0.000381	0.000362	0.000348	0.000224	0.000308	-11432.976
8950	8	11111111	0.000591	0.000564	0.000448	0.000291	0.000231	0.000589	0.000522	0.000496	-11445.629
8960	8	11111111	0.000700	0.000478	0.000475	0.000321	0.000283	0.000675	0.000495	0.000348	-11442.731
8970	8	11111111	0.000735	0.000442	0.000409	0.000373	0.000288	0.000730	0.000623	0.000416	-11439.191
8980	8	11111111	0.000819	0.000690	0.000574	0.000299	0.000151	0.000807	0.000727	0.000363	-11444.824
8990	8	11111111	0.000838	0.000711	0.000575	0.000533	0.000433	0.000821	0.000807	0.000389	-11450.751
9000	8	11111111	0.000782	0.000739	0.000552	0.000489	0.000399	0.000780	0.000667	0.000295	-11453.979
9010	8	11111111	0.000666	0.000645	0.000641	0.000501	0.000432	0.000663	0.000601	0.000575	-11452.878
9020	8	11111111	0.000620	0.000602	0.000546	0.000410	0.000230	0.000601	0.000515	0.000209	-11456.563
9030	8	11111111	0.000663	0.000657	0.000620	0.000599	0.000210	0.000636	0.000565	0.000270	-11443.022
9040	7	11111110	0.000595	0.000593	0.000550	0.000538	0.000371	0.000511	0.000237	-11445.600
9050	8	11111111	0.000665	0.000655	0.000595	0.000594	0.000558	0.000639	0.000441	0.000607	-11448.861
9060	8	11111111	0.000462	0.000439	0.000415	0.000410	0.000229	0.000453	0.000382	0.000379	-11443.967
9070	8	11111111	0.000539	0.000530	0.000471	0.000452	0.000373	0.000531	0.000386	0.000117	-11445.935
9080	8	11111111	0.000555	0.000546	0.000492	0.000416	0.000374	0.000539	0.000415	0.000295	-11433.221
9090	8	11111111	0.000455	0.000448	0.000442	0.000368	0.000295	0.000451	0.000428	0.000287	-11430.843
9100	8	11111111	0.000394	0.000382	0.000381	0.000335	0.000236	0.000367	0.000238	0.000272	-11437.216
9110	8	11111111	0.000417	0.000405	0.000389	0.000329	0.000289	0.000380	0.000325	0.000288	-11435.556
9120	8	11111111	0.000499	0.000489	0.000453	0.000355	0.000351	0.000492	0.000489	0.000200	-11439.256
9130	7	11111110	0.000517	0.000509	0.000440	0.000403	0.000384	0.000509	0.000304	-11435.964
9140	8	11111111	0.000585	0.000562	0.000505	0.000477	0.000419	0.000382	0.000357	0.000182	-11441.449
9150	8	11111111	0.000585	0.000506	0.000444	0.000352	0.000301	0.000564	0.000215	0.000095	-11442.906
9160	8	11111111	0.000502	0.000461	0.000372	0.000251	0.000219	0.000484	0.000454	0.000160	-11441.608
9170	8	11111111	0.000586	0.000483	0.000455	0.000314	0.000304	0.000562	0.000264	0.000134	-11450.444
9180	8	11111111	0.000727	0.000590	0.000532	0.000491	0.000407	0.000707	0.000662	0.000640	-11451.619
9190	8	11111111	0.000589	0.000480	0.000446	0.000388	0.000356	0.000569	0.000489	0.000501	-11438.741
9200	8	11111111	0.000628	0.000578	0.000510	0.000491	0.000259	0.000478	0.000406	0.000366	-11451.418
9210	8	11111111	0.000496	0.000479	0.000441	0.000374	0.000370	0.000473	0.000383	0.000291	-11439.850
9220	8	11111111	0.000581	0.000465	0.000445	0.000439	0.000433	0.000415	0.000383	0.000391	-11441.451
9230	8	11111111	0.000490	0.000421	0.000378	0.000358	0.000253	0.000449	0.000303	0.000344	-11448.127
9240	8	11111111	0.000584	0.000510	0.000465	0.000373	0.000370	0.000481	0.000369	0.000205	-11435.135
9250	8	11111111	0.000593	0.000578	0.000512	0.000378	0.000376	0.000554	0.000513	0.000297	-11439.702
9260	8	11111111	0.000633	0.000583	0.000570	0.000423	0.000159	0.000590	0.000267	0.000135	-11449.600
9270	8	11111111	0.000623	0.000523	0.000428	0.000368	0.000266	0.000609	0.000569	0.000404	-11449.143
9280	7	11111110	0.000678	0.000525	0.000505	0.000427	0.000354	0.000670	0.000629	-11438.597
9290	8	11111111	0.000720	0.000624	0.000535	0.000423	0.000400	0.000647	0.000457	0.000207	-11449.757
9300	7	11111110	0.000780	0.000734	0.000671	0.000516	0.000356	0.000564	0.000398	-11448.415
9310	7	11111110	0.000852	0.000736	0.000644	0.000569	0.000527	0.000731	0.000648	-11451.890
9320	8	11111111	0.000752	0.000547	0.000528	0.000496	0.000491	0.000649	0.000360	0.000349	-11457.797
9330	8	11111111	0.000682	0.000532	0.000490	0.000465	0.000446	0.000453	0.000371	0.000384	-11449.357
9340	8	11111111	0.000569	0.000494	0.000422	0.000407	0.000387	0.000318	0.000309	0.000179	-11444.001
9350	8	11111111	0.000498	0.000419	0.000404	0.000364	0.000363	0.000440	0.000319	0.000168	-11458.289
9360	7	11111110	0.000543	0.000488	0.000435	0.000417	0.000271	0.000333	0.000320	-11448.400
9370	8	11111111	0.000597	0.000504	0.000447	0.000337	0.000155	0.000589	0.000499	0.000380	-11444.207
9380	8	11111111	0.000568	0.000434	0.000373	0.000326	0.000221	0.000560	0.000375	0.000329	-11445.318
9390	8	11111111	0.000460	0.000415	0.000400	0.000294	0.000281	0.000434	0.000429	0.000183	-11450.508
9400	8	11111111	0.000445	0.000393	0.000360	0.000300	0.000230	0.000444	0.000433	0.000036	-11432.245
9410	8	11111111	0.000452	0.000392	0.000353	0.000321	0.000124	0.000445	0.000296	0.000340	-11447.640
9420	8	11111111	0.000527	0.000513	0.000433	0.000412	0.000341	0.000522	0.000138	0.000242	-11441.756
9430	8	11111111	0.000505	0.000498	0.000458	0.000441	0.000142	0.000455	0.000421	0.000273	-11451.774
9440	8	11111111	0.000454	0.000438	0.000394	0.000389	0.000277	0.000428	0.000342	0.000142	-11438.028
9450	8	11111111	0.000595	0.000569	0.000550	0.000510	0.000491	0.000577	0.000509	0.000405	-11444.194
9460	8	11111111	0.000680	0.000656	0.000603	0.000581	0.000561	0.000654	0.000553	0.000187	-11448.160
9470	7	11111110	0.000547	0.000519	0.000495	0.000451	0.000434	0.000543	0.000366	-11447.735
9480	7	11111110	0.000547	0.000519	0.000507	0.000441	0.000408	0.000518	0.000317	-11445.103
9490	7	11111110	0.000557	0.000556	0.000504	0.000465	0.000372	0.000534	0.000404	-11447.200
9500	8	11111111	0.000730	0.000596	0.000564	0.000530	0.000473	0.000557	0.000534	0.000384	-11452.799
9510	8	11111111	0.000608	0.000563	0.000552	0.000380	0.000363	0.000597	0.000298	0.000458	-11435.130
9520	8	11111111	0.000587	0.000513	0.000396	0.000332	0.000330	0.000483	0.000447	0.000293	-11444.145
9530	8	11111111	0.000771	0.000634	0.000534	0.000461	0.000434	0.000757	0.000661	0.000047	-11436.865
9540	8	11111111	0.000668	0.000650	0.000632	0.000465	0.000396	0.000664	0.000574	0.000276	-11443.399
9550	8	11111111	0.000511	0.000486	0.000461	0.000428	0.000283	0.000501	0.000378	0.000333	-11445.247
9560	8	11111111	0.000711	0.000645	0.000513	0.000276	0.000205	0.000702	0.000696	0.000506	-11441.556
9570	8	11111111	0.000776	0.000699	0.000397	0.000275	0.000236	0.000762	0.000759	0.000349	-11437.892
9580	8	11111111	0.000639	0.000544	0.000417	0.000380	0.000372	0.000591	0.000520	0.000472	-11442.843
9590	8	11111111	0.000639	0.000526	0.000416	0.000412	0.000389	0.000607	0.000543	0.000307	-11447.888
9600	8	11111111	0.000591	0.000519	0.000491	0.000461	0.000307	0.000560	0.000164	0.000402	-11441.293
9610	8	11111111	0.000634	0.000586	0.000539	0.000494	0.000204	0.000521	0.000498	0.000245	-11455.997
9620	8	11111111	0.000634	0.000605	0.000509	0.000436	0.000412	0.000619	0.000524	0.000616	-11448.960
9630	8	11111111	0.000599	0.000511	0.000464	0.000350	0.000246	0.000509	0.000422	0.000484	-11452.833
9640	8	11111111	0.000661	0.000611	0.000518	0.000393	0.000296	0.000562	0.000426	0.000556	-11449.116
9650	8	11111111	0.000615	0.000578	0.000488	0.000293	0.000278	0.000588	0.000520	0.000528	-11441.664
9660	8	11111111	0.000731	0.000485	0.000458	0.000426	0.000388	0.000727	0.000615	0.000641	-11442.066
9670	8	11111111	0.000596	0.000403	0.000336	0.000321	0.000280	0.000583	0.000439	0.000277	-11445.285
9680	8	11111111	0.000747	0.000645	0.000544	0.000429	0.000406	0.000743	0.000543	0.000592	-11442.716
9690	8	11111111	0.000589	0.000455	0.000424	0.000336	0.000313	0.000547	0.000344	0.000140	-11452.359
9700	8	11111111	0.000755	0.000716	0.000594	0.000451	0.000200	0.000586	0.000484	0.000476	-11460.509
9710	8	11111111	0.000646	0.000616	0.000497	0.000435	0.000295	0.000614	0.000544	0.000535	-11448.125
9720	8	11111111	0.000641	0.000622	0.000399	0.000312	0.000253	0.000616	0.000275	0.000165	-11452.785
9730	7	11111110	0.000576	0.000474	0.000372	0.000276	0.000188	0.000523	0.000442	-11451.422
9740	8	11111111	0.000515	0.000462	0.000453	0.000328	0.000219	0.000471	0.000348	0.000059	-11454.351
9750	7	11111110	0.000581	0.000545	0.000526	0.000328	0.000307	0.000541	0.000397	-11459.333
9760	8	11111111	0.000598	0.000530	0.000501	0.000317	0.000316	0.000579	0.000424	0.000279	-11437.345
9770	8	11111111	0.000473	0.000417	0.000338	0.000316	0.000250	0.000468	0.000355	0.000275	-11443.407
9780	8	11111111	0.000619	0.000600	0.000511	0.000453	0.000241	0.000611	0.000540	0.000489	-11444.714
9790	8	11111111	0.000619	0.000590	0.000468	0.000465	0.000149	0.000610	0.000479	0.000382	-11443.128
9800	8	11111111	0.000623	0.000587	0.000402	0.000140	0.000118	0.000592	0.000459	0.000567	-11443.879
9810	8	11111111	0.000531	0.000476	0.000325	0.000298	0.000168	0.000511	0.000336	0.000367	-11445.199
9820	8	11111111	0.000465	0.000434	0.000201	0.000138	0.000031	0.000423	0.000244	0.000161	-11444.058
9830	8	11111111	0.000491	0.000490	0.000222	0.000148	0.000005	0.000489	0.000305	0.000146	-11431.889
9840	8	11111111	0.000477	0.000471	0.000285	0.000106	0.000087	0.000462	0.000384	0.000235	-11441.289
9850	8	11111111	0.000477	0.000474	0.000417	0.000147	0.000071	0.000464	0.000335	0.000258	-11438.863
9860	8	11111111	0.000439	0.000432	0.000315	0.000164	0.000118	0.000420	0.000376	0.000269	-11450.426
9870	8	11111111	0.000494	0.000475	0.000387	0.000308	0.000207	0.000468	0.000426	0.000330	-11443.173
9880	8	11111111	0.000569	0.000519	0.000369	0.000305	0.000225	0.000501	0.000491	0.000261	-11442.765
9890	8	11111111	0.000516	0.000462	0.000438	0.000356	0.000251	0.000473	0.000437	0.000346	-11440.102
9900	8	11111111	0.000582	0.000536	0.000411	0.000243	0.000191	0.000576	0.000545	0.000128	-11444.167
9910	7	11111110	0.000606	0.000552	0.000458	0.000297	0.000285	0.000603	0.000408	-11447.131
9920	8	11111111	0.000628	0.000553	0.000415	0.000268	0.000256	0.000514	0.000452	0.000097	-11436.761
9930	8	11111111	0.000615	0.000563	0.000483	0.000293	0.000260	0.000530	0.000424	0.000267	-11437.864
9940	7	11111110	0.000544	0.000499	0.000450	0.000281	0.000101	0.000511	0.000450	-11442.667
9950	8	11111111	0.000574	0.000539	0.000522	0.000468	0.000348	0.000561	0.000315	0.000420	-11442.681
9960	8	11111111	0.000541	0.000516	0.000460	0.000441	0.000315	0.000514	0.000500	0.000370	-11446.031
9970	8	11111111	0.000672	0.000555	0.000478	0.000450	0.000283	0.000638	0.000621	0.000374	-11442.861
9980	8	11111111	0.000574	0.000554	0.000425	0.000305	0.000242	0.000547	0.000352	0.000442	-11442.348
9990	8	11111111	0.000665	0.000655	0.000528	0.000287	0.000216	0.000630	0.000448	0.000366	-11442.425
10000	8	11111111	0.000461	0.000292	0.000252	0.000207	0.000166	0.000454	0.000414	0.000208	-11444.754
