Gen	np	tree	tau_4L_tuulukwa_CA_Trinity_AlpsL_tuulukwa_OR_Marys_PeakL_tuulukwa_OR_Knowles_Creek	tau_5L_tuulukwa_OR_Marys_PeakL_tuulukwa_OR_Knowles_Creek	lnL
10	2	11	0.000521	0.000248	-10845.506
20	2	11	0.000625	0.000392	-10843.828
30	2	11	0.000586	0.000372	-10845.883
40	2	11	0.000721	0.000313	-10846.097
50	2	11	0.000542	0.000300	-10843.806
60	2	11	0.000684	0.000390	-10848.223
70	2	11	0.000475	0.000168	-10841.240
80	2	11	0.000719	0.000194	-10847.647
90	2	11	0.000857	0.000317	-10847.837
100	2	11	0.001005	0.000401	-10851.101
110	2	11	0.000874	0.000208	-10842.109
120	2	11	0.001157	0.000385	-10849.760
130	2	11	0.001023	0.000443	-10845.380
140	2	11	0.000717	0.000291	-10845.609
150	2	11	0.000913	0.000229	-10847.367
160	2	11	0.000942	0.000266	-10838.206
170	2	11	0.001144	0.000319	-10840.477
180	2	11	0.000797	0.000219	-10842.772
190	2	11	0.000683	0.000222	-10836.092
200	2	11	0.000639	0.000462	-10852.003
210	2	11	0.000595	0.000146	-10839.444
220	2	11	0.000578	0.000217	-10843.371
230	2	11	0.000443	0.000165	-10838.619
240	2	11	0.000445	0.000128	-10844.789
250	2	11	0.000582	0.000275	-10853.402
260	2	11	0.000630	0.000144	-10843.031
270	2	11	0.000590	0.000144	-10842.763
280	2	11	0.000721	0.000179	-10841.843
290	2	11	0.000608	0.000253	-10844.556
300	2	11	0.000529	0.000203	-10845.538
310	2	11	0.000445	0.000325	-10848.185
320	2	11	0.000422	0.000189	-10843.848
330	2	11	0.000541	0.000418	-10847.090
340	2	11	0.000493	0.000431	-10845.571
350	2	11	0.000539	0.000312	-10845.697
360	2	11	0.000478	0.000278	-10844.106
370	2	11	0.000460	0.000289	-10842.087
380	2	11	0.000671	0.000178	-10844.341
390	2	11	0.000741	0.000202	-10839.497
400	2	11	0.000545	0.000300	-10860.575
410	2	11	0.000560	0.000242	-10846.734
420	2	11	0.000474	0.000195	-10849.258
430	2	11	0.000350	0.000248	-10845.257
440	2	11	0.000550	0.000339	-10847.686
450	2	11	0.000398	0.000266	-10840.729
460	2	11	0.000594	0.000464	-10840.039
470	2	11	0.000593	0.000389	-10836.240
480	2	11	0.000673	0.000229	-10843.444
490	2	11	0.000617	0.000508	-10846.415
500	2	11	0.000604	0.000295	-10850.745
510	2	11	0.000506	0.000213	-10843.084
520	2	11	0.000422	0.000135	-10835.799
530	2	11	0.000524	0.000183	-10845.603
540	2	11	0.000466	0.000183	-10840.088
550	2	11	0.000442	0.000187	-10844.077
560	2	11	0.000541	0.000305	-10845.453
570	2	11	0.000629	0.000300	-10848.813
580	2	11	0.000472	0.000240	-10841.158
590	2	11	0.000451	0.000220	-10845.475
600	2	11	0.000596	0.000222	-10843.461
610	2	11	0.000684	0.000175	-10845.172
620	2	11	0.000630	0.000204	-10843.220
630	2	11	0.000562	0.000288	-10844.788
640	2	11	0.000897	0.000230	-10843.093
650	2	11	0.000871	0.000169	-10844.438
660	2	11	0.000745	0.000508	-10842.923
670	2	11	0.000731	0.000320	-10844.833
680	2	11	0.000729	0.000212	-10844.703
690	2	11	0.001005	0.000321	-10841.339
700	2	11	0.000828	0.000322	-10851.162
710	2	11	0.000847	0.000329	-10858.687
720	2	11	0.000880	0.000509	-10844.386
730	2	11	0.000744	0.000277	-10845.644
740	2	11	0.000636	0.000381	-10843.038
750	2	11	0.000697	0.000374	-10843.496
760	2	11	0.000895	0.000606	-10861.113
770	2	11	0.001061	0.000295	-10846.869
780	2	11	0.000896	0.000429	-10847.415
790	2	11	0.001083	0.000346	-10847.347
800	2	11	0.000898	0.000495	-10844.380
810	2	11	0.000571	0.000392	-10846.521
820	2	11	0.000511	0.000331	-10840.108
830	2	11	0.000502	0.000408	-10845.068
840	2	11	0.000506	0.000365	-10843.049
850	2	11	0.000709	0.000435	-10852.256
860	2	11	0.000517	0.000386	-10846.547
870	2	11	0.000699	0.000300	-10838.583
880	2	11	0.000762	0.000395	-10843.934
890	2	11	0.000862	0.000373	-10844.105
900	2	11	0.000763	0.000334	-10841.503
910	2	11	0.000775	0.000472	-10853.339
920	2	11	0.000629	0.000306	-10845.389
930	2	11	0.000685	0.000536	-10852.358
940	2	11	0.000762	0.000297	-10836.932
950	2	11	0.000585	0.000282	-10841.482
960	2	11	0.000662	0.000295	-10846.814
970	2	11	0.000643	0.000256	-10840.090
980	2	11	0.000694	0.000363	-10845.484
990	2	11	0.000570	0.000294	-10844.291
1000	2	11	0.000616	0.000432	-10841.810
1010	2	11	0.000773	0.000279	-10846.612
1020	2	11	0.000888	0.000254	-10850.421
1030	2	11	0.000813	0.000224	-10846.724
1040	2	11	0.000992	0.000184	-10843.863
1050	2	11	0.000852	0.000143	-10843.314
1060	2	11	0.000960	0.000201	-10844.113
1070	2	11	0.000703	0.000298	-10846.372
1080	2	11	0.000631	0.000309	-10844.074
1090	2	11	0.000714	0.000544	-10843.229
1100	2	11	0.000512	0.000355	-10845.111
1110	2	11	0.000627	0.000279	-10846.703
1120	2	11	0.000551	0.000270	-10853.141
1130	2	11	0.000771	0.000299	-10837.131
1140	2	11	0.000763	0.000199	-10838.603
1150	2	11	0.000647	0.000151	-10839.952
1160	2	11	0.000413	0.000174	-10844.384
1170	2	11	0.000337	0.000258	-10840.710
1180	2	11	0.000470	0.000280	-10842.968
1190	2	11	0.000430	0.000332	-10844.152
1200	2	11	0.000368	0.000331	-10849.472
1210	2	11	0.000502	0.000453	-10840.277
1220	2	11	0.000625	0.000373	-10844.227
1230	2	11	0.000419	0.000272	-10838.303
1240	2	11	0.000663	0.000428	-10839.952
1250	2	11	0.000591	0.000243	-10835.385
1260	2	11	0.000614	0.000290	-10844.132
1270	2	11	0.000664	0.000376	-10846.413
1280	2	11	0.000622	0.000398	-10842.767
1290	2	11	0.000752	0.000326	-10841.316
1300	2	11	0.000590	0.000203	-10847.065
1310	2	11	0.000625	0.000206	-10844.079
1320	2	11	0.000568	0.000369	-10841.331
1330	2	11	0.000469	0.000215	-10844.410
1340	2	11	0.000627	0.000260	-10845.220
1350	2	11	0.000471	0.000174	-10839.588
1360	2	11	0.000577	0.000330	-10843.608
1370	2	11	0.000464	0.000255	-10838.954
1380	2	11	0.000451	0.000220	-10840.075
1390	2	11	0.000458	0.000291	-10846.139
1400	2	11	0.000482	0.000237	-10840.547
1410	2	11	0.000632	0.000249	-10843.061
1420	2	11	0.000364	0.000303	-10848.796
1430	2	11	0.000325	0.000304	-10844.825
1440	2	11	0.000389	0.000241	-10848.679
1450	2	11	0.000435	0.000068	-10842.323
1460	2	11	0.000393	0.000199	-10842.423
1470	2	11	0.000442	0.000143	-10843.105
1480	2	11	0.000462	0.000166	-10845.802
1490	2	11	0.000547	0.000342	-10848.823
1500	2	11	0.000514	0.000237	-10844.683
1510	2	11	0.000602	0.000249	-10840.649
1520	2	11	0.000538	0.000190	-10838.170
1530	2	11	0.000608	0.000199	-10840.286
1540	2	11	0.001024	0.000579	-10842.212
1550	2	11	0.001144	0.000488	-10841.137
1560	2	11	0.000725	0.000348	-10841.869
1570	2	11	0.000834	0.000259	-10840.334
1580	2	11	0.000833	0.000347	-10842.367
1590	2	11	0.000658	0.000423	-10845.428
1600	2	11	0.000916	0.000283	-10841.807
1610	2	11	0.000756	0.000167	-10837.953
1620	2	11	0.000648	0.000315	-10850.250
1630	2	11	0.000502	0.000348	-10847.493
1640	2	11	0.000501	0.000244	-10849.288
1650	2	11	0.000473	0.000207	-10843.619
1660	2	11	0.000650	0.000196	-10842.477
1670	2	11	0.000674	0.000225	-10844.759
1680	2	11	0.000997	0.000212	-10841.469
1690	2	11	0.000948	0.000377	-10840.553
1700	2	11	0.000889	0.000316	-10844.353
1710	2	11	0.001257	0.000319	-10850.204
1720	2	11	0.000845	0.000162	-10847.366
1730	2	11	0.000558	0.000274	-10844.451
1740	2	11	0.000730	0.000233	-10850.685
1750	2	11	0.000627	0.000190	-10847.946
1760	2	11	0.000670	0.000238	-10845.339
1770	2	11	0.000562	0.000374	-10852.346
1780	2	11	0.000553	0.000427	-10847.634
1790	2	11	0.000438	0.000200	-10843.713
1800	2	11	0.000544	0.000204	-10844.574
1810	2	11	0.000511	0.000108	-10836.239
1820	2	11	0.000509	0.000107	-10847.926
1830	2	11	0.000373	0.000102	-10841.371
1840	2	11	0.000532	0.000199	-10849.009
1850	2	11	0.000325	0.000117	-10844.259
1860	2	11	0.000432	0.000234	-10843.780
1870	2	11	0.000472	0.000256	-10839.019
1880	2	11	0.000479	0.000246	-10842.135
1890	2	11	0.000483	0.000308	-10842.985
1900	2	11	0.000665	0.000342	-10848.221
1910	2	11	0.000522	0.000309	-10846.705
1920	2	11	0.000599	0.000288	-10844.837
1930	2	11	0.000424	0.000155	-10838.004
1940	2	11	0.000668	0.000191	-10839.761
1950	2	11	0.000748	0.000192	-10837.844
1960	2	11	0.000814	0.000252	-10845.681
1970	2	11	0.000744	0.000216	-10846.832
1980	2	11	0.000756	0.000275	-10841.977
1990	2	11	0.001001	0.000243	-10846.734
2000	2	11	0.001102	0.000184	-10842.118
2010	2	11	0.000792	0.000194	-10844.523
2020	2	11	0.000575	0.000192	-10844.529
2030	2	11	0.000803	0.000227	-10844.256
2040	2	11	0.000590	0.000200	-10843.492
2050	2	11	0.000664	0.000242	-10841.417
2060	2	11	0.000838	0.000089	-10841.198
2070	2	11	0.000584	0.000125	-10846.282
2080	2	11	0.000664	0.000105	-10841.771
2090	2	11	0.000433	0.000101	-10850.871
2100	2	11	0.000505	0.000209	-10849.152
2110	2	11	0.000739	0.000271	-10854.832
2120	2	11	0.000471	0.000098	-10844.290
2130	2	11	0.000487	0.000142	-10841.290
2140	2	11	0.000527	0.000155	-10841.376
2150	2	11	0.000704	0.000269	-10847.119
2160	2	11	0.000567	0.000201	-10842.107
2170	2	11	0.000642	0.000112	-10842.687
2180	2	11	0.000678	0.000169	-10839.895
2190	2	11	0.000460	0.000114	-10838.120
2200	2	11	0.000519	0.000081	-10839.321
2210	2	11	0.000454	0.000196	-10844.288
2220	2	11	0.000574	0.000256	-10846.969
2230	2	11	0.000642	0.000260	-10844.304
2240	2	11	0.000477	0.000224	-10837.283
2250	2	11	0.000521	0.000240	-10847.539
2260	2	11	0.000542	0.000177	-10839.432
2270	2	11	0.000627	0.000322	-10840.793
2280	2	11	0.000588	0.000440	-10845.124
2290	2	11	0.000712	0.000554	-10845.175
2300	2	11	0.000529	0.000368	-10845.144
2310	2	11	0.000403	0.000236	-10847.998
2320	2	11	0.000361	0.000287	-10841.613
2330	2	11	0.000507	0.000225	-10846.280
2340	2	11	0.000419	0.000221	-10844.608
2350	2	11	0.000381	0.000201	-10843.225
2360	2	11	0.000516	0.000273	-10845.056
2370	2	11	0.000516	0.000356	-10851.150
2380	2	11	0.000704	0.000239	-10846.857
2390	2	11	0.000727	0.000269	-10843.489
2400	2	11	0.000692	0.000204	-10843.847
2410	2	11	0.000646	0.000185	-10850.259
2420	2	11	0.000635	0.000398	-10846.067
2430	2	11	0.000637	0.000391	-10841.082
2440	2	11	0.000714	0.000368	-10849.948
2450	2	11	0.000516	0.000211	-10845.354
2460	2	11	0.000852	0.000339	-10841.512
2470	2	11	0.000622	0.000400	-10841.445
2480	2	11	0.000588	0.000476	-10847.386
2490	2	11	0.000623	0.000362	-10846.365
2500	2	11	0.000686	0.000262	-10842.271
2510	2	11	0.000651	0.000263	-10846.187
2520	2	11	0.000613	0.000414	-10846.419
2530	2	11	0.000656	0.000394	-10846.162
2540	2	11	0.000569	0.000355	-10838.281
2550	2	11	0.000443	0.000222	-10844.291
2560	2	11	0.000504	0.000366	-10845.561
2570	2	11	0.000527	0.000403	-10846.688
2580	2	11	0.000515	0.000307	-10842.200
2590	2	11	0.000647	0.000552	-10847.016
2600	2	11	0.000583	0.000296	-10843.541
2610	2	11	0.000450	0.000257	-10841.758
2620	2	11	0.000780	0.000282	-10843.219
2630	2	11	0.000601	0.000141	-10841.907
2640	2	11	0.000568	0.000333	-10851.708
2650	2	11	0.000562	0.000195	-10850.211
2660	2	11	0.000615	0.000187	-10838.635
2670	2	11	0.000648	0.000256	-10845.573
2680	2	11	0.000412	0.000287	-10844.844
2690	2	11	0.000631	0.000342	-10847.031
2700	2	11	0.000723	0.000339	-10850.039
2710	2	11	0.000809	0.000293	-10842.817
2720	2	11	0.000608	0.000248	-10843.017
2730	2	11	0.000751	0.000312	-10849.924
2740	2	11	0.000762	0.000262	-10842.558
2750	2	11	0.000542	0.000384	-10838.317
2760	2	11	0.000544	0.000272	-10839.715
2770	2	11	0.000544	0.000281	-10841.625
2780	2	11	0.000739	0.000503	-10841.148
2790	2	11	0.000643	0.000488	-10843.359
2800	2	11	0.000445	0.000360	-10840.157
2810	2	11	0.000387	0.000319	-10841.451
2820	2	11	0.000614	0.000586	-10850.385
2830	2	11	0.000487	0.000321	-10844.819
2840	2	11	0.000651	0.000371	-10842.538
2850	2	11	0.000616	0.000387	-10846.667
2860	2	11	0.000442	0.000234	-10849.225
2870	2	11	0.000463	0.000282	-10841.862
2880	2	11	0.000363	0.000147	-10839.398
2890	2	11	0.000427	0.000147	-10839.278
2900	2	11	0.000532	0.000241	-10845.863
2910	2	11	0.000635	0.000127	-10844.786
2920	2	11	0.000592	0.000143	-10835.889
2930	2	11	0.000681	0.000101	-10839.671
2940	2	11	0.000618	0.000173	-10849.919
2950	2	11	0.000749	0.000221	-10843.973
2960	2	11	0.000672	0.000233	-10843.794
2970	2	11	0.000611	0.000233	-10843.439
2980	2	11	0.000770	0.000462	-10845.361
2990	2	11	0.000669	0.000403	-10850.788
3000	2	11	0.000615	0.000388	-10851.186
3010	2	11	0.000479	0.000331	-10837.293
3020	2	11	0.000594	0.000413	-10843.090
3030	2	11	0.000489	0.000354	-10852.701
3040	2	11	0.000497	0.000334	-10841.864
3050	2	11	0.000543	0.000394	-10844.901
3060	2	11	0.000468	0.000199	-10846.169
3070	2	11	0.000739	0.000304	-10845.571
3080	2	11	0.000535	0.000416	-10848.781
3090	2	11	0.000614	0.000364	-10845.816
3100	2	11	0.000798	0.000429	-10842.552
3110	2	11	0.000662	0.000364	-10845.440
3120	2	11	0.000514	0.000337	-10840.853
3130	2	11	0.000806	0.000482	-10841.580
3140	2	11	0.000717	0.000258	-10843.365
3150	2	11	0.000625	0.000175	-10839.982
3160	2	11	0.000678	0.000235	-10838.305
3170	2	11	0.000700	0.000328	-10844.266
3180	2	11	0.000757	0.000475	-10841.479
3190	2	11	0.000672	0.000457	-10840.700
3200	2	11	0.001017	0.000537	-10847.385
3210	2	11	0.000618	0.000365	-10840.370
3220	2	11	0.000848	0.000495	-10842.800
3230	2	11	0.000888	0.000501	-10841.964
3240	2	11	0.001030	0.000514	-10848.462
3250	2	11	0.000671	0.000340	-10836.961
3260	2	11	0.000611	0.000307	-10841.717
3270	2	11	0.000628	0.000404	-10845.166
3280	2	11	0.000642	0.000211	-10845.157
3290	2	11	0.000570	0.000318	-10840.134
3300	2	11	0.000479	0.000178	-10838.488
3310	2	11	0.000467	0.000179	-10847.887
3320	2	11	0.000375	0.000240	-10848.637
3330	2	11	0.000483	0.000263	-10842.415
3340	2	11	0.000623	0.000227	-10838.452
3350	2	11	0.000520	0.000304	-10846.778
3360	2	11	0.000370	0.000157	-10843.093
3370	2	11	0.000506	0.000113	-10844.251
3380	2	11	0.000606	0.000231	-10844.510
3390	2	11	0.000503	0.000224	-10850.921
3400	2	11	0.000534	0.000238	-10848.690
3410	2	11	0.000485	0.000137	-10840.206
3420	2	11	0.000628	0.000209	-10840.472
3430	2	11	0.000762	0.000212	-10841.131
3440	2	11	0.000727	0.000242	-10845.341
3450	2	11	0.000777	0.000246	-10849.701
3460	2	11	0.000844	0.000172	-10846.881
3470	2	11	0.000782	0.000312	-10849.808
3480	2	11	0.000753	0.000184	-10847.369
3490	2	11	0.000767	0.000196	-10841.153
3500	2	11	0.000806	0.000206	-10837.555
3510	2	11	0.000619	0.000153	-10842.743
3520	2	11	0.000581	0.000207	-10847.512
3530	2	11	0.000515	0.000400	-10855.069
3540	2	11	0.000524	0.000293	-10845.892
3550	2	11	0.000466	0.000263	-10844.884
3560	2	11	0.000745	0.000292	-10857.737
3570	2	11	0.000573	0.000234	-10839.696
3580	2	11	0.000515	0.000230	-10847.525
3590	2	11	0.000578	0.000381	-10850.333
3600	2	11	0.000661	0.000260	-10842.772
3610	2	11	0.000797	0.000226	-10839.981
3620	2	11	0.000665	0.000297	-10837.976
3630	2	11	0.000780	0.000220	-10845.211
3640	2	11	0.000707	0.000494	-10841.904
3650	2	11	0.000933	0.000633	-10842.904
3660	2	11	0.000705	0.000334	-10840.477
3670	2	11	0.000595	0.000489	-10847.725
3680	2	11	0.000510	0.000362	-10848.624
3690	2	11	0.000447	0.000251	-10839.598
3700	2	11	0.000469	0.000379	-10840.316
3710	2	11	0.000717	0.000384	-10843.497
3720	2	11	0.000694	0.000451	-10843.086
3730	2	11	0.000511	0.000295	-10838.268
3740	2	11	0.000460	0.000230	-10842.291
3750	2	11	0.000437	0.000232	-10840.920
3760	2	11	0.000601	0.000305	-10850.388
3770	2	11	0.000682	0.000252	-10842.521
3780	2	11	0.000609	0.000281	-10845.005
3790	2	11	0.000499	0.000148	-10844.537
3800	2	11	0.000600	0.000225	-10838.805
3810	2	11	0.000560	0.000401	-10838.360
3820	2	11	0.000643	0.000311	-10843.898
3830	2	11	0.000701	0.000306	-10849.023
3840	2	11	0.000787	0.000439	-10843.314
3850	2	11	0.000698	0.000499	-10844.338
3860	2	11	0.000764	0.000524	-10845.637
3870	2	11	0.000687	0.000517	-10848.639
3880	2	11	0.000633	0.000268	-10846.498
3890	2	11	0.000740	0.000497	-10847.785
3900	2	11	0.000597	0.000348	-10844.356
3910	2	11	0.000622	0.000319	-10851.460
3920	2	11	0.000525	0.000269	-10845.646
3930	2	11	0.000505	0.000294	-10840.543
3940	2	11	0.000465	0.000198	-10842.722
3950	2	11	0.000405	0.000258	-10847.820
3960	2	11	0.000356	0.000261	-10843.075
3970	2	11	0.000352	0.000278	-10846.642
3980	2	11	0.000353	0.000256	-10842.500
3990	2	11	0.000359	0.000144	-10834.392
4000	2	11	0.000384	0.000275	-10849.133
4010	2	11	0.000381	0.000301	-10852.405
4020	2	11	0.000385	0.000154	-10840.210
4030	2	11	0.000377	0.000114	-10840.636
4040	2	11	0.000431	0.000197	-10848.499
4050	2	11	0.000303	0.000114	-10840.284
4060	2	11	0.000434	0.000155	-10840.862
4070	2	11	0.000396	0.000168	-10848.796
4080	2	11	0.000385	0.000302	-10850.686
4090	2	11	0.000586	0.000221	-10841.968
4100	2	11	0.000489	0.000325	-10839.985
4110	2	11	0.000475	0.000315	-10842.955
4120	2	11	0.000492	0.000262	-10840.503
4130	2	11	0.000420	0.000257	-10849.969
4140	2	11	0.000356	0.000268	-10842.140
4150	2	11	0.000384	0.000281	-10838.857
4160	2	11	0.000315	0.000140	-10838.476
4170	2	11	0.000396	0.000356	-10844.951
4180	2	11	0.000363	0.000284	-10837.945
4190	2	11	0.000366	0.000332	-10844.314
4200	2	11	0.000547	0.000320	-10846.798
4210	2	11	0.000547	0.000257	-10847.342
4220	2	11	0.000506	0.000299	-10843.339
4230	2	11	0.000502	0.000174	-10845.516
4240	2	11	0.000457	0.000192	-10836.017
4250	2	11	0.000625	0.000290	-10848.146
4260	2	11	0.000694	0.000175	-10847.552
4270	2	11	0.000673	0.000158	-10849.393
4280	2	11	0.000509	0.000142	-10844.225
4290	2	11	0.000629	0.000176	-10849.354
4300	2	11	0.000846	0.000076	-10850.095
4310	2	11	0.000479	0.000078	-10844.918
4320	2	11	0.000489	0.000140	-10845.387
4330	2	11	0.000523	0.000113	-10850.602
4340	2	11	0.000723	0.000136	-10835.490
4350	2	11	0.000691	0.000191	-10843.601
4360	2	11	0.000662	0.000106	-10849.869
4370	2	11	0.000665	0.000087	-10844.159
4380	2	11	0.000793	0.000092	-10841.139
4390	2	11	0.000605	0.000134	-10844.067
4400	2	11	0.000570	0.000205	-10842.353
4410	2	11	0.000598	0.000134	-10843.036
4420	2	11	0.000555	0.000211	-10844.720
4430	2	11	0.000535	0.000193	-10843.981
4440	2	11	0.000409	0.000175	-10851.210
4450	2	11	0.000498	0.000213	-10845.677
4460	2	11	0.000757	0.000335	-10838.457
4470	2	11	0.000689	0.000281	-10844.710
4480	2	11	0.000571	0.000184	-10853.041
4490	2	11	0.000706	0.000256	-10843.415
4500	2	11	0.000633	0.000249	-10853.858
4510	2	11	0.000720	0.000232	-10844.802
4520	2	11	0.000652	0.000173	-10846.119
4530	2	11	0.000780	0.000252	-10847.250
4540	2	11	0.000676	0.000181	-10840.123
4550	2	11	0.000978	0.000152	-10841.129
4560	2	11	0.000857	0.000170	-10843.064
4570	2	11	0.001138	0.000211	-10846.413
4580	2	11	0.000666	0.000256	-10844.065
4590	2	11	0.000970	0.000258	-10842.501
4600	2	11	0.001150	0.000358	-10845.292
4610	2	11	0.001195	0.000246	-10844.454
4620	2	11	0.000947	0.000241	-10850.662
4630	2	11	0.001117	0.000406	-10844.493
4640	2	11	0.001143	0.000250	-10843.181
4650	2	11	0.000811	0.000127	-10839.593
4660	2	11	0.000820	0.000224	-10848.725
4670	2	11	0.000932	0.000291	-10848.385
4680	2	11	0.000644	0.000351	-10842.003
4690	2	11	0.000765	0.000271	-10844.946
4700	2	11	0.000787	0.000292	-10844.355
4710	2	11	0.000995	0.000305	-10844.425
4720	2	11	0.000515	0.000270	-10846.585
4730	2	11	0.000499	0.000257	-10846.822
4740	2	11	0.000574	0.000242	-10843.353
4750	2	11	0.000427	0.000283	-10840.573
4760	2	11	0.000507	0.000336	-10844.961
4770	2	11	0.000618	0.000270	-10846.549
4780	2	11	0.000559	0.000290	-10848.453
4790	2	11	0.000690	0.000401	-10848.735
4800	2	11	0.000485	0.000353	-10845.078
4810	2	11	0.000681	0.000535	-10852.828
4820	2	11	0.000424	0.000351	-10845.193
4830	2	11	0.000502	0.000165	-10845.302
4840	2	11	0.000592	0.000217	-10847.413
4850	2	11	0.000529	0.000316	-10841.673
4860	2	11	0.000709	0.000446	-10850.557
4870	2	11	0.000649	0.000376	-10845.691
4880	2	11	0.000616	0.000215	-10841.463
4890	2	11	0.000729	0.000468	-10845.156
4900	2	11	0.000813	0.000232	-10842.098
4910	2	11	0.000660	0.000362	-10847.466
4920	2	11	0.000745	0.000265	-10839.928
4930	2	11	0.000835	0.000423	-10842.577
4940	2	11	0.000663	0.000358	-10843.358
4950	2	11	0.000696	0.000178	-10843.523
4960	2	11	0.000690	0.000184	-10840.653
4970	2	11	0.001001	0.000283	-10846.077
4980	2	11	0.000877	0.000339	-10840.978
4990	2	11	0.000806	0.000262	-10846.985
5000	2	11	0.000926	0.000369	-10853.179
5010	2	11	0.000500	0.000256	-10851.479
5020	2	11	0.000631	0.000179	-10838.475
5030	2	11	0.000803	0.000333	-10845.521
5040	2	11	0.000679	0.000276	-10841.618
5050	2	11	0.000479	0.000140	-10844.753
5060	2	11	0.000475	0.000261	-10841.090
5070	2	11	0.000317	0.000174	-10841.104
5080	2	11	0.000482	0.000298	-10842.461
5090	2	11	0.000379	0.000235	-10848.663
5100	2	11	0.000320	0.000140	-10849.292
5110	2	11	0.000314	0.000147	-10841.119
5120	2	11	0.000573	0.000232	-10839.670
5130	2	11	0.000396	0.000141	-10841.108
5140	2	11	0.000550	0.000259	-10847.884
5150	2	11	0.000612	0.000350	-10840.514
5160	2	11	0.000423	0.000159	-10847.484
5170	2	11	0.000604	0.000217	-10853.541
5180	2	11	0.000713	0.000454	-10849.640
5190	2	11	0.000500	0.000189	-10843.114
5200	2	11	0.000691	0.000526	-10845.623
5210	2	11	0.000650	0.000438	-10843.591
5220	2	11	0.000814	0.000281	-10841.220
5230	2	11	0.000658	0.000351	-10843.284
5240	2	11	0.000752	0.000308	-10841.292
5250	2	11	0.000676	0.000187	-10841.032
5260	2	11	0.000759	0.000186	-10839.400
5270	2	11	0.000653	0.000187	-10845.036
5280	2	11	0.000778	0.000163	-10855.037
5290	2	11	0.000725	0.000214	-10840.436
5300	2	11	0.000690	0.000230	-10857.998
5310	2	11	0.000624	0.000208	-10848.072
5320	2	11	0.000778	0.000495	-10846.781
5330	2	11	0.000860	0.000155	-10839.638
5340	2	11	0.000843	0.000214	-10846.440
5350	2	11	0.000703	0.000249	-10843.816
5360	2	11	0.000661	0.000247	-10848.307
5370	2	11	0.000866	0.000232	-10847.294
5380	2	11	0.000954	0.000127	-10846.017
5390	2	11	0.000627	0.000111	-10846.895
5400	2	11	0.000656	0.000151	-10848.451
5410	2	11	0.000647	0.000149	-10847.308
5420	2	11	0.000542	0.000199	-10844.405
5430	2	11	0.000561	0.000111	-10842.943
5440	2	11	0.000758	0.000148	-10843.969
5450	2	11	0.000743	0.000110	-10846.904
5460	2	11	0.000935	0.000151	-10847.709
5470	2	11	0.001205	0.000115	-10846.835
5480	2	11	0.001087	0.000354	-10853.650
5490	2	11	0.001179	0.000229	-10841.121
5500	2	11	0.000825	0.000360	-10851.361
5510	2	11	0.001127	0.000268	-10846.496
5520	2	11	0.000763	0.000242	-10844.895
5530	2	11	0.000957	0.000344	-10842.304
5540	2	11	0.000870	0.000303	-10847.692
5550	2	11	0.000752	0.000232	-10844.512
5560	2	11	0.000676	0.000222	-10839.932
5570	2	11	0.001276	0.000387	-10849.753
5580	2	11	0.001001	0.000530	-10853.865
5590	2	11	0.000886	0.000329	-10845.894
5600	2	11	0.000988	0.000367	-10842.579
5610	2	11	0.000703	0.000137	-10841.647
5620	2	11	0.000663	0.000249	-10848.854
5630	2	11	0.000598	0.000159	-10856.102
5640	2	11	0.000469	0.000106	-10842.958
5650	2	11	0.000724	0.000225	-10847.218
5660	2	11	0.000661	0.000470	-10845.606
5670	2	11	0.000439	0.000259	-10847.534
5680	2	11	0.000594	0.000204	-10841.370
5690	2	11	0.000691	0.000435	-10847.448
5700	2	11	0.000569	0.000157	-10841.026
5710	2	11	0.000685	0.000259	-10841.460
5720	2	11	0.000548	0.000249	-10839.987
5730	2	11	0.000614	0.000279	-10842.393
5740	2	11	0.000486	0.000155	-10844.568
5750	2	11	0.000551	0.000241	-10848.306
5760	2	11	0.000448	0.000202	-10843.243
5770	2	11	0.000462	0.000162	-10843.245
5780	2	11	0.000503	0.000228	-10843.248
5790	2	11	0.000378	0.000148	-10845.698
5800	2	11	0.000744	0.000227	-10841.291
5810	2	11	0.000453	0.000263	-10842.253
5820	2	11	0.000383	0.000122	-10841.553
5830	2	11	0.000388	0.000252	-10840.495
5840	2	11	0.000315	0.000198	-10846.830
5850	2	11	0.000418	0.000262	-10846.523
5860	2	11	0.000348	0.000093	-10838.978
5870	2	11	0.000386	0.000182	-10846.988
5880	2	11	0.000397	0.000192	-10847.801
5890	2	11	0.000403	0.000202	-10847.942
5900	2	11	0.000433	0.000232	-10845.459
5910	2	11	0.000397	0.000304	-10848.332
5920	2	11	0.000356	0.000166	-10836.638
5930	2	11	0.000440	0.000204	-10841.747
5940	2	11	0.000360	0.000216	-10842.341
5950	2	11	0.000436	0.000262	-10840.235
5960	2	11	0.000482	0.000262	-10843.476
5970	2	11	0.000523	0.000389	-10842.432
5980	2	11	0.000557	0.000162	-10839.582
5990	2	11	0.000720	0.000287	-10842.746
6000	2	11	0.000726	0.000426	-10844.391
6010	2	11	0.000899	0.000275	-10840.489
6020	2	11	0.000718	0.000303	-10840.655
6030	2	11	0.000816	0.000282	-10849.053
6040	2	11	0.000928	0.000315	-10838.929
6050	2	11	0.000981	0.000308	-10840.511
6060	2	11	0.000977	0.000468	-10843.133
6070	2	11	0.000683	0.000357	-10848.734
6080	2	11	0.000636	0.000203	-10849.121
6090	2	11	0.000860	0.000315	-10843.954
6100	2	11	0.000775	0.000304	-10848.067
6110	2	11	0.000578	0.000103	-10843.042
6120	2	11	0.000672	0.000236	-10855.993
6130	2	11	0.000703	0.000151	-10845.616
6140	2	11	0.000897	0.000136	-10850.302
6150	2	11	0.000629	0.000214	-10851.482
6160	2	11	0.000719	0.000148	-10841.143
6170	2	11	0.000747	0.000314	-10844.208
6180	2	11	0.000880	0.000455	-10845.213
6190	2	11	0.000642	0.000328	-10843.527
6200	2	11	0.000802	0.000301	-10854.682
6210	2	11	0.000729	0.000317	-10844.730
6220	2	11	0.000526	0.000175	-10842.287
6230	2	11	0.000687	0.000178	-10842.709
6240	2	11	0.000600	0.000162	-10840.027
6250	2	11	0.000587	0.000295	-10847.371
6260	2	11	0.000595	0.000263	-10840.832
6270	2	11	0.000511	0.000291	-10840.923
6280	2	11	0.000725	0.000508	-10841.886
6290	2	11	0.000623	0.000326	-10845.565
6300	2	11	0.000531	0.000307	-10844.608
6310	2	11	0.000608	0.000260	-10848.987
6320	2	11	0.000574	0.000287	-10839.647
6330	2	11	0.000765	0.000646	-10844.657
6340	2	11	0.000550	0.000309	-10843.937
6350	2	11	0.000552	0.000297	-10836.722
6360	2	11	0.000675	0.000269	-10848.821
6370	2	11	0.000670	0.000269	-10852.472
6380	2	11	0.000609	0.000255	-10844.096
6390	2	11	0.000625	0.000366	-10848.434
6400	2	11	0.000630	0.000266	-10838.898
6410	2	11	0.000546	0.000305	-10842.062
6420	2	11	0.000604	0.000239	-10844.515
6430	2	11	0.000557	0.000303	-10844.793
6440	2	11	0.000508	0.000181	-10848.949
6450	2	11	0.000644	0.000287	-10841.447
6460	2	11	0.000739	0.000316	-10841.718
6470	2	11	0.000739	0.000510	-10841.342
6480	2	11	0.000930	0.000639	-10849.195
6490	2	11	0.000677	0.000598	-10844.692
6500	2	11	0.000563	0.000348	-10838.238
6510	2	11	0.000554	0.000334	-10843.400
6520	2	11	0.000555	0.000363	-10840.451
6530	2	11	0.000570	0.000247	-10848.603
6540	2	11	0.000638	0.000391	-10848.360
6550	2	11	0.000606	0.000459	-10844.332
6560	2	11	0.000407	0.000310	-10845.141
6570	2	11	0.000462	0.000295	-10844.576
6580	2	11	0.000368	0.000173	-10845.389
6590	2	11	0.000573	0.000331	-10840.549
6600	2	11	0.000375	0.000272	-10838.587
6610	2	11	0.000407	0.000325	-10838.314
6620	2	11	0.000413	0.000322	-10841.295
6630	2	11	0.000564	0.000435	-10849.584
6640	2	11	0.000499	0.000288	-10845.948
6650	2	11	0.000437	0.000270	-10839.971
6660	2	11	0.000542	0.000208	-10839.176
6670	2	11	0.000646	0.000334	-10842.747
6680	2	11	0.000505	0.000291	-10838.932
6690	2	11	0.000613	0.000292	-10840.565
6700	2	11	0.000579	0.000392	-10843.195
6710	2	11	0.000611	0.000341	-10843.732
6720	2	11	0.000910	0.000273	-10841.494
6730	2	11	0.000799	0.000219	-10844.161
6740	2	11	0.000672	0.000349	-10843.521
6750	2	11	0.000679	0.000320	-10846.258
6760	2	11	0.000611	0.000165	-10838.500
6770	2	11	0.000673	0.000163	-10840.103
6780	2	11	0.000607	0.000164	-10844.272
6790	2	11	0.000631	0.000220	-10857.331
6800	2	11	0.000541	0.000313	-10842.948
6810	2	11	0.000501	0.000402	-10839.792
6820	2	11	0.000741	0.000553	-10848.921
6830	2	11	0.000627	0.000420	-10845.583
6840	2	11	0.000665	0.000331	-10844.919
6850	2	11	0.000641	0.000418	-10842.052
6860	2	11	0.000519	0.000221	-10839.129
6870	2	11	0.000541	0.000158	-10854.939
6880	2	11	0.000487	0.000182	-10841.610
6890	2	11	0.000504	0.000215	-10838.995
6900	2	11	0.000564	0.000280	-10843.364
6910	2	11	0.000462	0.000229	-10845.753
6920	2	11	0.000443	0.000105	-10841.077
6930	2	11	0.000494	0.000114	-10857.258
6940	2	11	0.000468	0.000086	-10844.248
6950	2	11	0.000664	0.000143	-10843.854
6960	2	11	0.000613	0.000171	-10844.389
6970	2	11	0.000543	0.000081	-10841.229
6980	2	11	0.000425	0.000074	-10844.502
6990	2	11	0.000589	0.000104	-10841.420
7000	2	11	0.000632	0.000155	-10845.054
7010	2	11	0.000544	0.000189	-10845.262
7020	2	11	0.000581	0.000268	-10846.857
7030	2	11	0.000525	0.000130	-10837.038
7040	2	11	0.000491	0.000124	-10839.440
7050	2	11	0.000478	0.000127	-10844.372
7060	2	11	0.000555	0.000256	-10843.085
7070	2	11	0.000645	0.000263	-10842.539
7080	2	11	0.000645	0.000300	-10846.088
7090	2	11	0.000575	0.000292	-10844.907
7100	2	11	0.000666	0.000394	-10841.757
7110	2	11	0.000664	0.000441	-10851.501
7120	2	11	0.000460	0.000217	-10842.198
7130	2	11	0.000460	0.000155	-10840.876
7140	2	11	0.000475	0.000281	-10840.853
7150	2	11	0.000517	0.000257	-10842.481
7160	2	11	0.000640	0.000255	-10846.896
7170	2	11	0.000751	0.000355	-10846.007
7180	2	11	0.000622	0.000284	-10843.958
7190	2	11	0.000599	0.000438	-10841.709
7200	2	11	0.000519	0.000230	-10836.604
7210	2	11	0.000770	0.000335	-10839.487
7220	2	11	0.000724	0.000528	-10845.312
7230	2	11	0.000645	0.000291	-10842.758
7240	2	11	0.000548	0.000191	-10843.880
7250	2	11	0.000653	0.000316	-10844.196
7260	2	11	0.000539	0.000266	-10844.900
7270	2	11	0.000490	0.000207	-10846.390
7280	2	11	0.000499	0.000166	-10843.489
7290	2	11	0.000495	0.000174	-10840.604
7300	2	11	0.000576	0.000234	-10841.575
7310	2	11	0.000676	0.000309	-10844.355
7320	2	11	0.000789	0.000314	-10843.345
7330	2	11	0.000570	0.000249	-10838.146
7340	2	11	0.000636	0.000340	-10843.773
7350	2	11	0.000899	0.000285	-10844.061
7360	2	11	0.000653	0.000277	-10841.398
7370	2	11	0.000728	0.000466	-10838.942
7380	2	11	0.000474	0.000447	-10851.619
7390	2	11	0.000698	0.000509	-10846.955
7400	2	11	0.000599	0.000392	-10845.320
7410	2	11	0.000639	0.000355	-10843.422
7420	2	11	0.000448	0.000252	-10843.294
7430	2	11	0.000557	0.000299	-10846.320
7440	2	11	0.000430	0.000207	-10836.007
7450	2	11	0.000524	0.000264	-10839.689
7460	2	11	0.000559	0.000256	-10847.221
7470	2	11	0.000568	0.000185	-10842.829
7480	2	11	0.000646	0.000233	-10846.250
7490	2	11	0.000677	0.000274	-10842.661
7500	2	11	0.000589	0.000189	-10844.052
7510	2	11	0.000589	0.000081	-10841.980
7520	2	11	0.000485	0.000169	-10836.952
7530	2	11	0.000427	0.000146	-10838.919
7540	2	11	0.000463	0.000220	-10848.158
7550	2	11	0.000452	0.000274	-10839.757
7560	2	11	0.000507	0.000299	-10841.290
7570	2	11	0.000462	0.000283	-10843.762
7580	2	11	0.000608	0.000474	-10842.101
7590	2	11	0.000618	0.000560	-10845.529
7600	2	11	0.000535	0.000366	-10846.263
7610	2	11	0.000515	0.000297	-10840.787
7620	2	11	0.000667	0.000324	-10839.783
7630	2	11	0.000599	0.000307	-10843.779
7640	2	11	0.000483	0.000195	-10842.803
7650	2	11	0.000509	0.000210	-10846.461
7660	2	11	0.000443	0.000250	-10847.082
7670	2	11	0.000596	0.000158	-10839.468
7680	2	11	0.000534	0.000228	-10848.713
7690	2	11	0.000645	0.000385	-10843.770
7700	2	11	0.000764	0.000460	-10842.688
7710	2	11	0.000694	0.000398	-10839.251
7720	2	11	0.000840	0.000322	-10845.069
7730	2	11	0.000552	0.000286	-10844.089
7740	2	11	0.000835	0.000152	-10839.462
7750	2	11	0.000555	0.000254	-10842.580
7760	2	11	0.000528	0.000135	-10851.328
7770	2	11	0.000656	0.000187	-10841.714
7780	2	11	0.000622	0.000189	-10844.429
7790	2	11	0.000503	0.000160	-10837.062
7800	2	11	0.000563	0.000173	-10840.003
7810	2	11	0.000674	0.000159	-10838.299
7820	2	11	0.000890	0.000354	-10847.966
7830	2	11	0.000926	0.000125	-10839.408
7840	2	11	0.000630	0.000278	-10850.385
7850	2	11	0.000652	0.000153	-10844.029
7860	2	11	0.000758	0.000121	-10844.229
7870	2	11	0.000726	0.000206	-10850.117
7880	2	11	0.000716	0.000226	-10849.561
7890	2	11	0.000616	0.000098	-10841.861
7900	2	11	0.000749	0.000069	-10841.209
7910	2	11	0.000820	0.000148	-10838.049
7920	2	11	0.000661	0.000066	-10851.141
7930	2	11	0.000546	0.000075	-10845.563
7940	2	11	0.000636	0.000147	-10843.420
7950	2	11	0.000581	0.000071	-10847.779
7960	2	11	0.000668	0.000155	-10841.922
7970	2	11	0.000694	0.000095	-10841.942
7980	2	11	0.000476	0.000121	-10854.728
7990	2	11	0.000857	0.000130	-10838.696
8000	2	11	0.000622	0.000129	-10846.844
8010	2	11	0.000612	0.000203	-10850.711
8020	2	11	0.000612	0.000199	-10847.007
8030	2	11	0.000676	0.000259	-10845.970
8040	2	11	0.000541	0.000149	-10844.639
8050	2	11	0.000438	0.000190	-10850.772
8060	2	11	0.000514	0.000202	-10853.945
8070	2	11	0.000499	0.000286	-10841.459
8080	2	11	0.000446	0.000211	-10847.275
8090	2	11	0.000533	0.000158	-10843.305
8100	2	11	0.000675	0.000299	-10845.399
8110	2	11	0.000589	0.000324	-10847.490
8120	2	11	0.000775	0.000307	-10845.681
8130	2	11	0.000717	0.000121	-10848.780
8140	2	11	0.000525	0.000409	-10846.254
8150	2	11	0.000500	0.000253	-10848.837
8160	2	11	0.000411	0.000167	-10833.489
8170	2	11	0.000531	0.000215	-10840.914
8180	2	11	0.000429	0.000152	-10845.391
8190	2	11	0.000678	0.000454	-10845.132
8200	2	11	0.000697	0.000268	-10839.556
8210	2	11	0.000694	0.000404	-10845.577
8220	2	11	0.000407	0.000173	-10839.656
8230	2	11	0.000690	0.000215	-10842.931
8240	2	11	0.000424	0.000231	-10846.667
8250	2	11	0.000739	0.000345	-10851.939
8260	2	11	0.000615	0.000299	-10850.773
8270	2	11	0.000748	0.000230	-10844.702
8280	2	11	0.000831	0.000232	-10842.987
8290	2	11	0.000603	0.000177	-10835.910
8300	2	11	0.000735	0.000463	-10852.386
8310	2	11	0.000525	0.000312	-10851.099
8320	2	11	0.000742	0.000512	-10851.883
8330	2	11	0.000633	0.000432	-10840.656
8340	2	11	0.000393	0.000286	-10847.967
8350	2	11	0.000504	0.000359	-10839.230
8360	2	11	0.000452	0.000412	-10847.397
8370	2	11	0.000506	0.000341	-10842.378
8380	2	11	0.000395	0.000313	-10841.791
8390	2	11	0.000634	0.000367	-10844.852
8400	2	11	0.000600	0.000222	-10854.382
8410	2	11	0.000659	0.000338	-10854.797
8420	2	11	0.000524	0.000378	-10848.721
8430	2	11	0.000439	0.000133	-10840.214
8440	2	11	0.000440	0.000141	-10837.267
8450	2	11	0.000352	0.000197	-10844.931
8460	2	11	0.000360	0.000187	-10840.502
8470	2	11	0.000321	0.000178	-10838.864
8480	2	11	0.000301	0.000201	-10845.196
8490	2	11	0.000241	0.000137	-10839.217
8500	2	11	0.000292	0.000115	-10836.105
8510	2	11	0.000353	0.000128	-10845.605
8520	2	11	0.000346	0.000169	-10838.592
8530	2	11	0.000353	0.000172	-10841.688
8540	2	11	0.000367	0.000246	-10848.246
8550	2	11	0.000361	0.000214	-10842.092
8560	2	11	0.000326	0.000129	-10836.758
8570	2	11	0.000392	0.000121	-10841.190
8580	2	11	0.000393	0.000110	-10841.420
8590	2	11	0.000470	0.000090	-10853.439
8600	2	11	0.000538	0.000086	-10840.271
8610	2	11	0.000351	0.000119	-10840.948
8620	2	11	0.000333	0.000147	-10838.530
8630	2	11	0.000426	0.000188	-10844.081
8640	2	11	0.000490	0.000216	-10838.867
8650	2	11	0.000375	0.000179	-10838.507
8660	2	11	0.000452	0.000215	-10847.022
8670	2	11	0.000436	0.000238	-10838.392
8680	2	11	0.000477	0.000260	-10841.941
8690	2	11	0.000298	0.000162	-10840.677
8700	2	11	0.000457	0.000358	-10836.527
8710	2	11	0.000496	0.000282	-10840.229
8720	2	11	0.000576	0.000237	-10845.386
8730	2	11	0.000636	0.000262	-10839.137
8740	2	11	0.000621	0.000333	-10845.554
8750	2	11	0.000608	0.000209	-10837.808
8760	2	11	0.000674	0.000318	-10845.303
8770	2	11	0.000798	0.000223	-10848.381
8780	2	11	0.000487	0.000234	-10850.350
8790	2	11	0.000631	0.000258	-10852.099
8800	2	11	0.000790	0.000147	-10839.595
8810	2	11	0.000600	0.000170	-10846.767
8820	2	11	0.001045	0.000132	-10836.584
8830	2	11	0.000539	0.000154	-10845.648
8840	2	11	0.000461	0.000163	-10846.705
8850	2	11	0.000534	0.000163	-10842.439
8860	2	11	0.000560	0.000171	-10849.753
8870	2	11	0.000630	0.000196	-10842.353
8880	2	11	0.000633	0.000199	-10842.994
8890	2	11	0.000680	0.000189	-10848.464
8900	2	11	0.000883	0.000456	-10848.125
8910	2	11	0.000780	0.000316	-10845.584
8920	2	11	0.000845	0.000324	-10842.671
8930	2	11	0.001141	0.000240	-10842.530
8940	2	11	0.001030	0.000316	-10846.005
8950	2	11	0.001025	0.000340	-10848.047
8960	2	11	0.000837	0.000247	-10839.391
8970	2	11	0.001108	0.000337	-10844.389
8980	2	11	0.001035	0.000380	-10844.974
8990	2	11	0.000976	0.000317	-10848.130
9000	2	11	0.001110	0.000429	-10850.448
9010	2	11	0.000999	0.000243	-10836.839
9020	2	11	0.000831	0.000420	-10844.930
9030	2	11	0.000861	0.000137	-10839.785
9040	2	11	0.000929	0.000349	-10846.736
9050	2	11	0.000912	0.000584	-10844.320
9060	2	11	0.000811	0.000467	-10843.636
9070	2	11	0.000700	0.000348	-10840.709
9080	2	11	0.000638	0.000309	-10844.799
9090	2	11	0.000577	0.000206	-10848.040
9100	2	11	0.000581	0.000230	-10847.880
9110	2	11	0.000498	0.000189	-10843.050
9120	2	11	0.000587	0.000232	-10841.247
9130	2	11	0.000711	0.000213	-10845.899
9140	2	11	0.000657	0.000273	-10841.365
9150	2	11	0.000865	0.000224	-10838.604
9160	2	11	0.000943	0.000214	-10847.785
9170	2	11	0.000728	0.000184	-10848.543
9180	2	11	0.000873	0.000141	-10848.164
9190	2	11	0.001299	0.000306	-10854.122
9200	2	11	0.000891	0.000271	-10861.186
9210	2	11	0.000934	0.000271	-10853.452
9220	2	11	0.000830	0.000154	-10842.348
9230	2	11	0.000719	0.000131	-10843.152
9240	2	11	0.000626	0.000121	-10838.928
9250	2	11	0.000657	0.000235	-10857.872
9260	2	11	0.000528	0.000188	-10839.676
9270	2	11	0.000676	0.000265	-10845.446
9280	2	11	0.000475	0.000218	-10844.108
9290	2	11	0.000576	0.000223	-10833.066
9300	2	11	0.000395	0.000166	-10833.737
9310	2	11	0.000512	0.000122	-10842.784
9320	2	11	0.000461	0.000158	-10839.922
9330	2	11	0.000383	0.000164	-10843.005
9340	2	11	0.000416	0.000192	-10842.219
9350	2	11	0.000486	0.000245	-10844.599
9360	2	11	0.000385	0.000194	-10840.689
9370	2	11	0.000356	0.000180	-10842.956
9380	2	11	0.000395	0.000181	-10842.905
9390	2	11	0.000365	0.000201	-10842.241
9400	2	11	0.000400	0.000152	-10842.574
9410	2	11	0.000597	0.000190	-10845.047
9420	2	11	0.000544	0.000188	-10840.155
9430	2	11	0.000402	0.000190	-10843.828
9440	2	11	0.000581	0.000236	-10847.476
9450	2	11	0.000406	0.000272	-10848.811
9460	2	11	0.000432	0.000199	-10840.180
9470	2	11	0.000369	0.000258	-10852.089
9480	2	11	0.000273	0.000176	-10840.492
9490	2	11	0.000411	0.000165	-10844.553
9500	2	11	0.000385	0.000154	-10843.513
9510	2	11	0.000385	0.000154	-10838.289
9520	2	11	0.000371	0.000116	-10848.712
9530	2	11	0.000547	0.000081	-10841.462
9540	2	11	0.000586	0.000135	-10847.649
9550	2	11	0.000580	0.000290	-10846.952
9560	2	11	0.000575	0.000256	-10841.097
9570	2	11	0.000631	0.000301	-10848.245
9580	2	11	0.000663	0.000181	-10847.112
9590	2	11	0.000682	0.000251	-10839.036
9600	2	11	0.000560	0.000172	-10840.783
9610	2	11	0.000453	0.000130	-10845.559
9620	2	11	0.000524	0.000297	-10840.782
9630	2	11	0.000541	0.000415	-10841.957
9640	2	11	0.000723	0.000365	-10853.026
9650	2	11	0.000741	0.000225	-10837.797
9660	2	11	0.000514	0.000174	-10846.444
9670	2	11	0.000626	0.000358	-10842.803
9680	2	11	0.000592	0.000411	-10844.695
9690	2	11	0.000839	0.000580	-10843.961
9700	2	11	0.000554	0.000386	-10849.839
9710	2	11	0.000543	0.000173	-10842.053
9720	2	11	0.000511	0.000146	-10837.127
9730	2	11	0.000551	0.000170	-10843.475
9740	2	11	0.000586	0.000147	-10842.495
9750	2	11	0.000450	0.000111	-10842.210
9760	2	11	0.000366	0.000134	-10841.236
9770	2	11	0.000490	0.000190	-10842.983
9780	2	11	0.000594	0.000145	-10849.605
9790	2	11	0.000648	0.000161	-10841.568
9800	2	11	0.000616	0.000163	-10851.059
9810	2	11	0.000692	0.000114	-10838.441
9820	2	11	0.000609	0.000133	-10840.495
9830	2	11	0.000489	0.000286	-10843.327
9840	2	11	0.000464	0.000271	-10840.392
9850	2	11	0.000580	0.000224	-10839.723
9860	2	11	0.000589	0.000239	-10838.906
9870	2	11	0.000652	0.000395	-10848.897
9880	2	11	0.000584	0.000258	-10845.032
9890	2	11	0.000540	0.000239	-10842.154
9900	2	11	0.000601	0.000354	-10836.145
9910	2	11	0.000768	0.000296	-10841.153
9920	2	11	0.000636	0.000206	-10845.380
9930	2	11	0.000766	0.000229	-10844.206
9940	2	11	0.000945	0.000419	-10849.584
9950	2	11	0.000749	0.000335	-10851.572
9960	2	11	0.000844	0.000209	-10842.730
9970	2	11	0.000989	0.000451	-10850.492
9980	2	11	0.001277	0.000430	-10844.137
9990	2	11	0.001115	0.000333	-10842.712
10000	2	11	0.000713	0.000356	-10848.281
