Gen	np	tree	tau_6L_sequoiae_CA_Strawberry_CreekL_sequoiae_OR_OakridgeL_sequoiae_OR_School_CreekL_sequoiae_CA_Bridal_Veil_FallsL_sequoiae_CA_Nanny_Creek	tau_7L_sequoiae_CA_Strawberry_CreekL_sequoiae_OR_OakridgeL_sequoiae_OR_School_Creek	tau_8L_sequoiae_OR_OakridgeL_sequoiae_OR_School_Creek	lnL
10	4	1111	0.000362	0.000361	0.000343	0.000141	-11001.834
20	4	1111	0.000324	0.000323	0.000320	0.000238	-11005.849
30	4	1111	0.000385	0.000384	0.000381	0.000283	-10991.591
40	4	1111	0.000428	0.000427	0.000425	0.000349	-10986.707
50	4	1111	0.000449	0.000448	0.000445	0.000364	-10985.972
60	4	1111	0.000366	0.000365	0.000362	0.000347	-10992.264
70	4	1111	0.000501	0.000489	0.000435	0.000469	-10995.057
80	4	1111	0.000452	0.000418	0.000392	0.000423	-10985.750
90	4	1111	0.000509	0.000480	0.000441	0.000428	-10995.230
100	4	1111	0.000654	0.000645	0.000567	0.000551	-10991.318
110	4	1111	0.000560	0.000356	0.000201	0.000320	-10989.093
120	4	1111	0.000663	0.000497	0.000280	0.000517	-10999.747
130	4	1111	0.000814	0.000512	0.000264	0.000709	-11004.799
140	4	1111	0.000681	0.000429	0.000060	0.000505	-10994.701
150	4	1111	0.000809	0.000495	0.000116	0.000620	-10988.293
160	3	1101	0.000503	0.000211	0.000391	-10986.412
170	3	1101	0.000386	0.000329	0.000304	-11000.110
180	3	1101	0.000523	0.000427	0.000300	-10991.244
190	3	1110	0.000454	0.000086	0.000039	-10981.537
200	2	1001	0.000418	0.000231	-11000.415
210	2	1001	0.000552	0.000289	-10996.119
220	2	1001	0.000566	0.000416	-10984.254
230	2	1001	0.000553	0.000364	-10986.734
240	2	1001	0.000418	0.000223	-10987.802
250	3	1101	0.000397	0.000049	0.000338	-10992.920
260	3	1101	0.000376	0.000166	0.000276	-10982.282
270	3	1101	0.000323	0.000265	0.000210	-10983.984
280	4	1111	0.000354	0.000247	0.000011	0.000177	-10991.201
290	3	1110	0.000346	0.000284	0.000101	-10993.039
300	3	1110	0.000300	0.000205	0.000086	-10994.259
310	3	1110	0.000277	0.000214	0.000103	-10989.716
320	4	1111	0.000326	0.000276	0.000248	0.000160	-10987.439
330	4	1111	0.000442	0.000337	0.000257	0.000291	-10984.437
340	3	1101	0.000625	0.000534	0.000502	-10977.905
350	3	1110	0.000430	0.000346	0.000186	-10992.844
360	4	1111	0.000504	0.000477	0.000207	0.000318	-10990.400
370	4	1111	0.000376	0.000371	0.000024	0.000362	-10992.940
380	4	1111	0.000296	0.000289	0.000065	0.000270	-10997.300
390	4	1111	0.000485	0.000438	0.000219	0.000460	-10991.206
400	4	1111	0.000429	0.000316	0.000156	0.000386	-10993.658
410	4	1111	0.000473	0.000418	0.000387	0.000419	-10992.595
420	4	1111	0.000311	0.000251	0.000211	0.000282	-10989.831
430	4	1111	0.000329	0.000317	0.000161	0.000258	-10991.110
440	4	1111	0.000435	0.000409	0.000249	0.000296	-10999.134
450	4	1111	0.000339	0.000331	0.000166	0.000329	-10988.886
460	4	1111	0.000424	0.000379	0.000176	0.000413	-10990.338
470	3	1101	0.000419	0.000341	0.000408	-10994.088
480	4	1111	0.000580	0.000531	0.000136	0.000565	-10980.762
490	3	1101	0.000401	0.000282	0.000390	-11003.976
500	3	1101	0.000453	0.000419	0.000250	-10995.224
510	4	1111	0.000451	0.000404	0.000163	0.000372	-10987.888
520	4	1111	0.000405	0.000336	0.000177	0.000302	-10994.145
530	4	1111	0.000278	0.000231	0.000097	0.000100	-10981.512
540	4	1111	0.000339	0.000291	0.000014	0.000186	-10992.494
550	3	1101	0.000438	0.000421	0.000308	-10997.771
560	4	1111	0.000393	0.000378	0.000190	0.000363	-11002.501
570	4	1111	0.000517	0.000511	0.000337	0.000393	-10995.459
580	4	1111	0.000409	0.000404	0.000257	0.000271	-10982.072
590	4	1111	0.000440	0.000423	0.000329	0.000350	-10990.106
600	4	1111	0.000516	0.000491	0.000339	0.000191	-10988.483
610	4	1111	0.000489	0.000470	0.000174	0.000455	-10988.185
620	3	1101	0.000596	0.000495	0.000355	-10988.921
630	3	1101	0.000792	0.000574	0.000606	-10986.652
640	3	1101	0.000824	0.000236	0.000787	-10992.691
650	3	1101	0.000824	0.000441	0.000467	-10994.488
660	3	1101	0.000566	0.000388	0.000482	-10995.249
670	3	1101	0.000566	0.000446	0.000296	-10993.938
680	4	1111	0.000444	0.000391	0.000151	0.000100	-10991.044
690	4	1111	0.000697	0.000609	0.000123	0.000594	-10983.294
700	3	1101	0.000669	0.000584	0.000547	-10991.291
710	3	1101	0.000573	0.000500	0.000498	-10998.523
720	3	1101	0.000549	0.000179	0.000464	-10985.468
730	3	1101	0.000633	0.000185	0.000534	-10988.959
740	4	1111	0.000572	0.000422	0.000075	0.000483	-10984.965
750	4	1111	0.000641	0.000574	0.000198	0.000205	-10996.129
760	3	1101	0.000552	0.000429	0.000282	-10990.411
770	3	1101	0.000506	0.000353	0.000405	-10990.361
780	4	1111	0.000498	0.000448	0.000041	0.000393	-10983.179
790	3	1101	0.000486	0.000318	0.000362	-10987.109
800	3	1101	0.000345	0.000266	0.000308	-10985.662
810	3	1101	0.000331	0.000250	0.000224	-10987.490
820	4	1111	0.000331	0.000262	0.000085	0.000288	-10993.872
830	4	1111	0.000365	0.000250	0.000093	0.000264	-10986.406
840	4	1111	0.000401	0.000351	0.000199	0.000335	-10991.361
850	4	1111	0.000412	0.000347	0.000071	0.000360	-10982.783
860	4	1111	0.000412	0.000399	0.000303	0.000360	-10995.820
870	4	1111	0.000625	0.000564	0.000277	0.000546	-10989.579
880	4	1111	0.000477	0.000454	0.000431	0.000459	-10992.107
890	4	1111	0.000636	0.000591	0.000575	0.000613	-11002.400
900	4	1111	0.000457	0.000314	0.000255	0.000441	-10995.289
910	4	1111	0.000570	0.000461	0.000448	0.000210	-10979.800
920	4	1111	0.000517	0.000415	0.000409	0.000472	-10983.506
930	4	1111	0.000640	0.000554	0.000535	0.000585	-10995.509
940	4	1111	0.000695	0.000669	0.000427	0.000593	-10989.563
950	4	1111	0.000928	0.000654	0.000534	0.000813	-11004.413
960	4	1111	0.000831	0.000772	0.000255	0.000349	-10993.282
970	4	1111	0.000769	0.000714	0.000226	0.000550	-10989.745
980	3	1101	0.000615	0.000571	0.000568	-10994.585
990	4	1111	0.000687	0.000549	0.000396	0.000634	-10990.985
1000	4	1111	0.000501	0.000371	0.000309	0.000462	-10993.009
1010	4	1111	0.000662	0.000652	0.000593	0.000611	-10987.175
1020	4	1111	0.000648	0.000593	0.000581	0.000530	-10995.465
1030	4	1111	0.000566	0.000524	0.000507	0.000400	-11003.195
1040	4	1111	0.000769	0.000687	0.000365	0.000694	-10995.566
1050	4	1111	0.000787	0.000775	0.000212	0.000710	-10987.043
1060	4	1111	0.000432	0.000372	0.000359	0.000390	-10990.102
1070	4	1111	0.000420	0.000371	0.000348	0.000379	-11003.153
1080	4	1111	0.000566	0.000454	0.000405	0.000511	-10996.562
1090	4	1111	0.000487	0.000369	0.000349	0.000475	-10988.254
1100	4	1111	0.000531	0.000467	0.000380	0.000517	-10995.191
1110	4	1111	0.000476	0.000470	0.000024	0.000463	-10992.133
1120	3	1101	0.000483	0.000376	0.000474	-10981.718
1130	3	1101	0.000488	0.000273	0.000403	-10986.590
1140	3	1101	0.000475	0.000442	0.000245	-10982.808
1150	3	1101	0.000572	0.000531	0.000519	-10992.457
1160	3	1101	0.000485	0.000331	0.000408	-10990.447
1170	3	1101	0.000351	0.000235	0.000284	-10982.172
1180	3	1101	0.000440	0.000258	0.000406	-10988.294
1190	3	1101	0.000279	0.000215	0.000179	-10980.217
1200	3	1101	0.000290	0.000290	0.000225	-10982.361
1210	3	1101	0.000238	0.000228	0.000173	-10986.322
1220	3	1101	0.000328	0.000315	0.000322	-10983.982
1230	3	1101	0.000346	0.000322	0.000332	-10982.052
1240	4	1111	0.000346	0.000215	0.000001	0.000301	-10979.003
1250	3	1101	0.000461	0.000427	0.000441	-10988.040
1260	3	1101	0.000367	0.000260	0.000284	-10983.194
1270	3	1101	0.000525	0.000140	0.000467	-11006.377
1280	3	1101	0.000498	0.000493	0.000443	-10992.010
1290	4	1111	0.000449	0.000445	0.000141	0.000167	-11001.441
1300	3	1101	0.000526	0.000521	0.000214	-10999.203
1310	3	1101	0.000563	0.000216	0.000237	-10994.239
1320	3	1101	0.000603	0.000451	0.000532	-10995.111
1330	3	1101	0.000525	0.000218	0.000463	-10986.283
1340	3	1101	0.000525	0.000146	0.000128	-10998.684
1350	3	1101	0.000535	0.000223	0.000420	-11008.071
1360	2	1100	0.000339	0.000045	-10995.259
1370	2	1100	0.000447	0.000081	-10992.186
1380	2	1100	0.000759	0.000151	-11005.427
1390	4	1111	0.000721	0.000146	0.000019	0.000636	-11001.230
1400	3	1101	0.000935	0.000097	0.000455	-10994.255
1410	3	1101	0.000698	0.000144	0.000674	-10999.590
1420	3	1101	0.000847	0.000163	0.000804	-10992.154
1430	4	1111	0.000980	0.000189	0.000112	0.000930	-11001.896
1440	4	1111	0.000883	0.000170	0.000147	0.000838	-11006.274
1450	4	1111	0.001061	0.000204	0.000146	0.001007	-11005.818
1460	4	1111	0.000633	0.000445	0.000228	0.000601	-10987.300
1470	4	1111	0.000713	0.000349	0.000084	0.000676	-10991.179
1480	4	1111	0.000563	0.000443	0.000118	0.000534	-10996.213
1490	3	1101	0.000499	0.000350	0.000473	-10996.811
1500	4	1111	0.000509	0.000370	0.000009	0.000404	-11001.791
1510	4	1111	0.000532	0.000486	0.000047	0.000354	-10995.241
1520	4	1111	0.000532	0.000359	0.000120	0.000143	-10994.392
1530	3	1101	0.000316	0.000192	0.000100	-10991.159
1540	3	1101	0.000349	0.000313	0.000060	-10992.307
1550	3	1101	0.000265	0.000203	0.000224	-10992.152
1560	4	1111	0.000322	0.000288	0.000043	0.000288	-11002.647
1570	4	1111	0.000373	0.000372	0.000290	0.000332	-10994.035
1580	4	1111	0.000429	0.000423	0.000254	0.000363	-10996.510
1590	4	1111	0.000568	0.000561	0.000153	0.000538	-11009.632
1600	4	1111	0.000611	0.000604	0.000050	0.000569	-11006.441
1610	3	1101	0.000548	0.000542	0.000511	-10995.090
1620	4	1111	0.000579	0.000572	0.000164	0.000539	-10997.315
1630	4	1111	0.000604	0.000584	0.000116	0.000288	-11000.185
1640	3	1101	0.000546	0.000369	0.000398	-11000.974
1650	4	1111	0.000465	0.000320	0.000053	0.000241	-11001.485
1660	4	1111	0.000295	0.000217	0.000018	0.000115	-10988.493
1670	3	1101	0.000265	0.000143	0.000133	-10987.347
1680	4	1111	0.000278	0.000195	0.000066	0.000128	-10993.099
1690	3	1101	0.000370	0.000192	0.000285	-10987.561
1700	4	1111	0.000319	0.000266	0.000090	0.000065	-10992.284
1710	3	1101	0.000434	0.000386	0.000412	-10994.457
1720	3	1101	0.000449	0.000391	0.000362	-10992.552
1730	4	1111	0.000296	0.000275	0.000085	0.000228	-10997.004
1740	4	1111	0.000290	0.000275	0.000082	0.000161	-10996.823
1750	2	1100	0.000254	0.000188	-10998.064
1760	3	1101	0.000245	0.000104	0.000069	-10984.674
1770	3	1101	0.000205	0.000121	0.000165	-10984.401
1780	3	1110	0.000196	0.000116	0.000028	-10993.201
1790	3	1110	0.000198	0.000155	0.000082	-10996.306
1800	3	1110	0.000273	0.000233	0.000103	-10997.272
1810	3	1110	0.000387	0.000304	0.000104	-10993.102
1820	2	1100	0.000400	0.000306	-10989.388
1830	3	1101	0.000278	0.000245	0.000090	-10992.675
1840	2	1100	0.000274	0.000198	-10990.174
1850	3	1110	0.000258	0.000205	0.000069	-10993.519
1860	3	1101	0.000303	0.000293	0.000170	-10994.137
1870	3	1110	0.000272	0.000234	0.000110	-10993.132
1880	3	1101	0.000338	0.000280	0.000212	-10986.508
1890	3	1101	0.000340	0.000230	0.000314	-10988.719
1900	3	1101	0.000438	0.000344	0.000387	-10995.275
1910	3	1101	0.000236	0.000180	0.000215	-11000.235
1920	3	1101	0.000290	0.000200	0.000211	-10993.417
1930	4	1111	0.000307	0.000228	0.000075	0.000286	-10989.962
1940	4	1111	0.000349	0.000267	0.000011	0.000289	-10993.561
1950	4	1111	0.000380	0.000291	0.000008	0.000109	-10990.042
1960	3	1101	0.000292	0.000210	0.000213	-10992.846
1970	3	1101	0.000423	0.000248	0.000068	-10993.130
1980	4	1111	0.000421	0.000394	0.000093	0.000267	-10991.038
1990	4	1111	0.000408	0.000359	0.000071	0.000303	-10995.310
2000	4	1111	0.000594	0.000542	0.000151	0.000227	-11003.059
2010	3	1101	0.000498	0.000386	0.000363	-10992.864
2020	4	1111	0.000433	0.000350	0.000167	0.000276	-10997.221
2030	4	1111	0.000414	0.000353	0.000149	0.000078	-10996.539
2040	3	1110	0.000524	0.000467	0.000309	-10996.765
2050	3	1110	0.000414	0.000375	0.000061	-10997.712
2060	2	1100	0.000378	0.000365	-11000.399
2070	4	1111	0.000314	0.000249	0.000135	0.000123	-11001.835
2080	4	1111	0.000315	0.000272	0.000191	0.000225	-10994.976
2090	4	1111	0.000368	0.000286	0.000165	0.000357	-10996.768
2100	3	1101	0.000407	0.000334	0.000250	-10995.400
2110	3	1101	0.000488	0.000429	0.000397	-10986.625
2120	4	1111	0.000379	0.000313	0.000080	0.000328	-10994.499
2130	4	1111	0.000453	0.000382	0.000016	0.000392	-10990.480
2140	3	1101	0.000539	0.000454	0.000465	-10995.949
2150	4	1111	0.000537	0.000435	0.000114	0.000380	-10995.436
2160	3	1101	0.000362	0.000318	0.000264	-10990.995
2170	3	1101	0.000375	0.000306	0.000335	-10995.383
2180	4	1111	0.000397	0.000303	0.000092	0.000327	-10990.760
2190	4	1111	0.000445	0.000326	0.000190	0.000315	-10989.708
2200	4	1111	0.000448	0.000288	0.000076	0.000424	-10991.773
2210	3	1101	0.000463	0.000274	0.000353	-10983.831
2220	4	1111	0.000531	0.000395	0.000202	0.000510	-11001.011
2230	3	1101	0.000518	0.000183	0.000497	-11002.050
2240	3	1101	0.000682	0.000261	0.000373	-10995.973
2250	3	1101	0.000842	0.000635	0.000324	-10994.258
2260	3	1101	0.000386	0.000226	0.000202	-11003.226
2270	3	1101	0.000366	0.000187	0.000283	-10991.452
2280	4	1111	0.000363	0.000052	0.000038	0.000122	-10996.032
2290	2	1001	0.000423	0.000364	-10988.463
2300	2	1001	0.000340	0.000287	-10982.015
2310	3	1101	0.000629	0.000145	0.000370	-10995.749
2320	4	1111	0.000516	0.000095	0.000058	0.000269	-10999.473
2330	3	1101	0.000497	0.000113	0.000426	-11002.376
2340	3	1101	0.000421	0.000246	0.000379	-10995.475
2350	3	1101	0.000656	0.000558	0.000484	-11002.820
2360	3	1101	0.000447	0.000380	0.000258	-10997.214
2370	3	1101	0.000575	0.000523	0.000390	-10994.421
2380	3	1101	0.000598	0.000456	0.000386	-11005.678
2390	4	1111	0.000600	0.000582	0.000256	0.000431	-11003.430
2400	4	1111	0.000853	0.000722	0.000542	0.000674	-10996.489
2410	4	1111	0.000781	0.000541	0.000288	0.000750	-11001.439
2420	4	1111	0.000998	0.000478	0.000285	0.000960	-11003.232
2430	4	1111	0.001023	0.000331	0.000023	0.000994	-11003.554
2440	3	1101	0.001080	0.000294	0.000952	-10998.437
2450	3	1101	0.000830	0.000374	0.000635	-10999.904
2460	4	1111	0.000830	0.000220	0.000008	0.000767	-10998.697
2470	4	1111	0.000662	0.000573	0.000493	0.000612	-11001.077
2480	4	1111	0.000904	0.000793	0.000636	0.000556	-11004.221
2490	4	1111	0.000904	0.000813	0.000636	0.000484	-11001.834
2500	4	1111	0.000954	0.000896	0.000870	0.000738	-11007.290
2510	4	1111	0.000809	0.000769	0.000738	0.000765	-11003.429
2520	4	1111	0.001060	0.001043	0.000733	0.001001	-11005.758
2530	4	1111	0.000772	0.000666	0.000279	0.000590	-11011.240
2540	4	1111	0.000861	0.000769	0.000493	0.000730	-10993.063
2550	4	1111	0.000831	0.000634	0.000474	0.000673	-11005.003
2560	4	1111	0.000758	0.000647	0.000231	0.000616	-11004.223
2570	4	1111	0.000770	0.000381	0.000261	0.000547	-10998.067
2580	4	1111	0.000801	0.000636	0.000204	0.000639	-11006.205
2590	4	1111	0.000838	0.000693	0.000169	0.000440	-11010.600
2600	4	1111	0.000848	0.000836	0.000498	0.000561	-10997.869
2610	4	1111	0.000773	0.000742	0.000693	0.000771	-11003.960
2620	4	1111	0.000737	0.000709	0.000258	0.000512	-10994.668
2630	4	1111	0.000928	0.000893	0.000196	0.000903	-11004.441
2640	4	1111	0.001295	0.001213	0.000307	0.000861	-10999.382
2650	3	1101	0.001006	0.000899	0.000491	-11003.256
2660	4	1111	0.000976	0.000846	0.000074	0.000669	-11006.198
2670	4	1111	0.000668	0.000400	0.000067	0.000506	-10998.458
2680	4	1111	0.000684	0.000594	0.000293	0.000497	-11000.796
2690	4	1111	0.000804	0.000731	0.000076	0.000585	-10997.112
2700	4	1111	0.000780	0.000709	0.000062	0.000386	-11001.579
2710	3	1101	0.000744	0.000371	0.000597	-10996.235
2720	3	1101	0.000581	0.000426	0.000428	-10996.056
2730	3	1101	0.000608	0.000495	0.000447	-10992.273
2740	4	1111	0.000675	0.000524	0.000362	0.000409	-10987.095
2750	4	1111	0.000771	0.000541	0.000407	0.000559	-10990.808
2760	4	1111	0.000541	0.000533	0.000308	0.000458	-10999.570
2770	3	1110	0.000474	0.000456	0.000113	-11003.356
2780	3	1101	0.000453	0.000436	0.000196	-10994.283
2790	4	1111	0.000613	0.000543	0.000327	0.000488	-10999.277
2800	4	1111	0.000700	0.000656	0.000267	0.000566	-11004.078
2810	4	1111	0.001006	0.000990	0.000842	0.000978	-11002.076
2820	4	1111	0.000728	0.000710	0.000609	0.000707	-10996.299
2830	4	1111	0.000620	0.000555	0.000495	0.000603	-10998.233
2840	4	1111	0.000545	0.000480	0.000436	0.000530	-11004.689
2850	4	1111	0.000490	0.000403	0.000391	0.000477	-10999.135
2860	4	1111	0.000583	0.000566	0.000465	0.000561	-11001.690
2870	4	1111	0.000645	0.000610	0.000515	0.000359	-10992.243
2880	4	1111	0.000571	0.000490	0.000437	0.000405	-11002.226
2890	4	1111	0.000502	0.000472	0.000468	0.000476	-10991.450
2900	3	1110	0.000561	0.000491	0.000380	-11003.510
2910	3	1110	0.000593	0.000465	0.000359	-11001.948
2920	4	1111	0.000617	0.000537	0.000506	0.000305	-11003.856
2930	4	1111	0.000489	0.000448	0.000401	0.000444	-10999.280
2940	4	1111	0.000410	0.000394	0.000352	0.000302	-10992.798
2950	4	1111	0.000645	0.000440	0.000399	0.000396	-10995.185
2960	4	1111	0.000635	0.000489	0.000290	0.000312	-10998.480
2970	4	1111	0.000469	0.000308	0.000217	0.000261	-10990.832
2980	4	1111	0.000386	0.000344	0.000135	0.000260	-10993.063
2990	4	1111	0.000420	0.000150	0.000025	0.000193	-10991.417
3000	3	1101	0.000347	0.000192	0.000186	-10992.534
3010	3	1101	0.000573	0.000322	0.000472	-10989.479
3020	3	1101	0.000407	0.000290	0.000349	-10987.500
3030	3	1101	0.000537	0.000422	0.000488	-10999.549
3040	3	1101	0.000646	0.000520	0.000468	-10997.245
3050	4	1111	0.000776	0.000268	0.000097	0.000352	-11004.479
3060	4	1111	0.000683	0.000417	0.000154	0.000467	-11003.463
3070	4	1111	0.000495	0.000342	0.000273	0.000199	-10994.516
3080	4	1111	0.000573	0.000480	0.000305	0.000433	-10993.101
3090	3	1101	0.000573	0.000329	0.000477	-10990.919
3100	4	1111	0.000579	0.000413	0.000016	0.000514	-10991.750
3110	4	1111	0.000491	0.000368	0.000095	0.000437	-10989.392
3120	4	1111	0.000480	0.000355	0.000225	0.000427	-11002.783
3130	4	1111	0.000881	0.000652	0.000334	0.000090	-10991.157
3140	4	1111	0.000848	0.000708	0.000506	0.000657	-11005.709
3150	4	1111	0.000675	0.000573	0.000266	0.000291	-10990.409
3160	4	1111	0.000630	0.000553	0.000496	0.000377	-10990.018
3170	4	1111	0.000509	0.000440	0.000238	0.000344	-10993.848
3180	3	1101	0.000463	0.000400	0.000223	-10993.376
3190	3	1101	0.000334	0.000141	0.000273	-10996.916
3200	3	1101	0.000411	0.000288	0.000359	-10985.146
3210	3	1101	0.000413	0.000171	0.000286	-10989.016
3220	4	1111	0.000454	0.000370	0.000003	0.000363	-10989.913
3230	3	1101	0.000748	0.000731	0.000376	-10993.732
3240	4	1111	0.000482	0.000411	0.000078	0.000441	-10993.325
3250	3	1101	0.000526	0.000453	0.000491	-10992.608
3260	4	1111	0.000611	0.000526	0.000012	0.000571	-10988.555
3270	3	1101	0.000555	0.000428	0.000518	-10988.583
3280	3	1101	0.000345	0.000213	0.000323	-11000.452
3290	4	1111	0.000457	0.000415	0.000045	0.000277	-10986.575
3300	3	1101	0.000481	0.000415	0.000437	-10988.680
3310	3	1101	0.000493	0.000425	0.000330	-10988.526
3320	3	1101	0.000422	0.000330	0.000223	-10994.601
3330	4	1111	0.000556	0.000438	0.000253	0.000510	-10991.281
3340	4	1111	0.000612	0.000438	0.000367	0.000571	-10992.924
3350	4	1111	0.000461	0.000406	0.000211	0.000430	-10992.295
3360	4	1111	0.000448	0.000288	0.000202	0.000417	-10993.953
3370	4	1111	0.000598	0.000279	0.000182	0.000391	-10996.154
3380	4	1111	0.000544	0.000444	0.000242	0.000327	-10991.243
3390	4	1111	0.000498	0.000435	0.000277	0.000153	-10997.086
3400	4	1111	0.000611	0.000512	0.000427	0.000508	-10998.047
3410	4	1111	0.000520	0.000398	0.000194	0.000429	-10991.165
3420	4	1111	0.000622	0.000504	0.000186	0.000486	-10995.412
3430	4	1111	0.000622	0.000440	0.000414	0.000481	-10986.740
3440	4	1111	0.000546	0.000497	0.000364	0.000364	-10993.471
3450	3	1110	0.000625	0.000544	0.000440	-11001.137
3460	4	1111	0.000607	0.000376	0.000096	0.000545	-10987.353
3470	3	1101	0.000684	0.000631	0.000530	-10989.279
3480	4	1111	0.000753	0.000399	0.000095	0.000583	-10989.903
3490	3	1101	0.000720	0.000369	0.000195	-10983.936
3500	4	1111	0.000571	0.000487	0.000233	0.000370	-10993.084
3510	4	1111	0.000908	0.000714	0.000299	0.000748	-10999.936
3520	3	1101	0.000951	0.000800	0.000549	-10992.784
3530	4	1111	0.000721	0.000374	0.000170	0.000426	-10992.618
3540	3	1101	0.001006	0.000643	0.000807	-11000.798
3550	3	1101	0.000780	0.000499	0.000592	-10991.073
3560	4	1111	0.000844	0.000507	0.000151	0.000676	-10990.287
3570	4	1111	0.000484	0.000368	0.000136	0.000432	-10992.509
3580	4	1111	0.000886	0.000495	0.000332	0.000720	-10995.371
3590	4	1111	0.000771	0.000509	0.000320	0.000640	-10992.329
3600	4	1111	0.000940	0.000846	0.000623	0.000541	-10994.019
3610	4	1111	0.000955	0.000638	0.000256	0.000919	-10983.312
3620	4	1111	0.000706	0.000441	0.000274	0.000679	-10999.022
3630	4	1111	0.000623	0.000404	0.000090	0.000536	-10998.802
3640	3	1101	0.000848	0.000565	0.000813	-10999.878
3650	3	1101	0.000572	0.000556	0.000547	-10986.860
3660	3	1101	0.000601	0.000585	0.000254	-10991.124
3670	3	1101	0.000546	0.000532	0.000100	-10990.935
3680	4	1111	0.000380	0.000369	0.000028	0.000220	-10983.102
3690	4	1111	0.000467	0.000454	0.000018	0.000463	-10984.862
3700	3	1101	0.000539	0.000525	0.000535	-10996.543
3710	4	1111	0.000694	0.000686	0.000015	0.000688	-10989.062
3720	3	1101	0.000646	0.000639	0.000641	-10980.747
3730	4	1111	0.000526	0.000520	0.000134	0.000521	-10985.604
3740	3	1101	0.000452	0.000447	0.000448	-10988.599
3750	3	1101	0.000465	0.000459	0.000460	-10986.801
3760	3	1101	0.000326	0.000323	0.000323	-10990.278
3770	3	1101	0.000252	0.000249	0.000200	-10991.231
3780	4	1111	0.000289	0.000286	0.000082	0.000250	-10996.306
3790	4	1111	0.000239	0.000215	0.000168	0.000146	-10984.947
3800	3	1110	0.000193	0.000184	0.000048	-10984.036
3810	3	1110	0.000136	0.000130	0.000027	-10994.676
3820	4	1111	0.000200	0.000188	0.000064	0.000156	-10991.156
3830	3	1101	0.000276	0.000259	0.000215	-10992.053
3840	3	1101	0.000261	0.000217	0.000170	-10990.780
3850	3	1101	0.000261	0.000158	0.000215	-10988.564
3860	4	1111	0.000324	0.000268	0.000029	0.000154	-10986.174
3870	3	1101	0.000355	0.000255	0.000347	-10983.259
3880	3	1101	0.000312	0.000270	0.000290	-10993.578
3890	3	1101	0.000345	0.000325	0.000312	-10983.637
3900	3	1101	0.000322	0.000309	0.000154	-10980.936
3910	4	1111	0.000367	0.000350	0.000019	0.000330	-10993.728
3920	4	1111	0.000384	0.000359	0.000157	0.000361	-10976.387
3930	3	1101	0.000371	0.000262	0.000289	-10985.464
3940	4	1111	0.000526	0.000442	0.000346	0.000458	-10996.647
3950	4	1111	0.000452	0.000442	0.000364	0.000326	-10982.981
3960	4	1111	0.000408	0.000391	0.000234	0.000196	-10997.948
3970	4	1111	0.000505	0.000490	0.000341	0.000502	-10999.409
3980	4	1111	0.000560	0.000527	0.000520	0.000557	-10993.272
3990	4	1111	0.000704	0.000694	0.000653	0.000699	-11000.318
4000	4	1111	0.000575	0.000543	0.000533	0.000571	-10988.022
4010	4	1111	0.000594	0.000580	0.000551	0.000590	-10999.023
4020	4	1111	0.000405	0.000300	0.000106	0.000403	-11002.412
4030	4	1111	0.000584	0.000571	0.000340	0.000580	-10997.147
4040	4	1111	0.000785	0.000777	0.000539	0.000780	-10991.516
4050	4	1111	0.000785	0.000587	0.000515	0.000780	-11000.913
4060	4	1111	0.000825	0.000363	0.000284	0.000820	-10995.960
4070	4	1111	0.000872	0.000797	0.000204	0.000866	-10993.077
4080	4	1111	0.000802	0.000764	0.000284	0.000797	-11001.083
4090	4	1111	0.000588	0.000554	0.000480	0.000584	-10996.280
4100	4	1111	0.000599	0.000547	0.000446	0.000595	-10993.400
4110	4	1111	0.000530	0.000489	0.000410	0.000242	-10992.288
4120	4	1111	0.000391	0.000359	0.000303	0.000222	-10991.182
4130	4	1111	0.000372	0.000293	0.000279	0.000345	-10993.090
4140	4	1111	0.000394	0.000242	0.000227	0.000366	-10988.959
4150	4	1111	0.000411	0.000305	0.000259	0.000157	-10990.132
4160	3	1110	0.000358	0.000283	0.000179	-10989.821
4170	3	1110	0.000219	0.000154	0.000140	-10984.734
4180	4	1111	0.000251	0.000141	0.000118	0.000084	-10989.562
4190	3	1101	0.000278	0.000209	0.000122	-10983.920
4200	4	1111	0.000335	0.000255	0.000041	0.000167	-10983.642
4210	4	1111	0.000406	0.000349	0.000198	0.000376	-10994.679
4220	4	1111	0.000395	0.000360	0.000023	0.000387	-10982.686
4230	4	1111	0.000442	0.000433	0.000322	0.000421	-10990.115
4240	4	1111	0.000354	0.000351	0.000348	0.000274	-10995.013
4250	4	1111	0.000464	0.000446	0.000444	0.000437	-11004.241
4260	4	1111	0.000563	0.000555	0.000539	0.000070	-10994.986
4270	4	1111	0.000402	0.000393	0.000385	0.000246	-10991.258
4280	4	1111	0.000460	0.000458	0.000447	0.000420	-10994.096
4290	4	1111	0.000374	0.000369	0.000363	0.000347	-10977.266
4300	4	1111	0.000356	0.000355	0.000346	0.000341	-10996.151
4310	4	1111	0.000240	0.000229	0.000195	0.000212	-10979.522
4320	4	1111	0.000362	0.000358	0.000352	0.000282	-10993.134
4330	4	1111	0.000345	0.000334	0.000271	0.000305	-10980.987
4340	4	1111	0.000419	0.000402	0.000171	0.000328	-10984.604
4350	4	1111	0.000365	0.000309	0.000240	0.000162	-10994.228
4360	4	1111	0.000474	0.000458	0.000340	0.000259	-10984.171
4370	4	1111	0.000344	0.000268	0.000204	0.000147	-10987.340
4380	3	1110	0.000376	0.000275	0.000222	-10993.136
4390	4	1111	0.000450	0.000401	0.000237	0.000162	-10992.172
4400	4	1111	0.000403	0.000336	0.000010	0.000346	-10990.847
4410	4	1111	0.000407	0.000382	0.000013	0.000361	-10989.363
4420	4	1111	0.000339	0.000160	0.000132	0.000184	-10985.153
4430	4	1111	0.000457	0.000387	0.000153	0.000326	-10989.371
4440	4	1111	0.000445	0.000279	0.000143	0.000360	-10986.513
4450	4	1111	0.000379	0.000249	0.000165	0.000344	-10984.079
4460	4	1111	0.000379	0.000287	0.000163	0.000359	-10982.656
4470	4	1111	0.000563	0.000456	0.000368	0.000534	-10987.440
4480	4	1111	0.000537	0.000506	0.000318	0.000508	-10983.725
4490	4	1111	0.000550	0.000448	0.000296	0.000399	-10986.256
4500	4	1111	0.000572	0.000452	0.000435	0.000304	-10995.016
4510	3	1101	0.000508	0.000412	0.000456	-10994.747
4520	4	1111	0.000483	0.000426	0.000095	0.000434	-10985.786
4530	3	1101	0.000438	0.000386	0.000220	-10987.111
4540	3	1101	0.000469	0.000197	0.000393	-10986.460
4550	3	1101	0.000623	0.000460	0.000329	-10993.038
4560	3	1101	0.000481	0.000261	0.000423	-10997.507
4570	3	1101	0.000406	0.000369	0.000357	-10985.257
4580	4	1111	0.000319	0.000290	0.000091	0.000260	-10985.418
4590	3	1101	0.000428	0.000337	0.000150	-11001.004
4600	3	1101	0.000428	0.000124	0.000311	-10987.620
4610	3	1101	0.000358	0.000344	0.000238	-10987.566
4620	2	1100	0.000258	0.000228	-10992.463
4630	4	1111	0.000324	0.000235	0.000070	0.000231	-10986.069
4640	3	1101	0.000549	0.000428	0.000424	-10989.849
4650	4	1111	0.000711	0.000487	0.000150	0.000570	-10986.503
4660	3	1110	0.000606	0.000313	0.000168	-10984.709
4670	4	1111	0.000619	0.000450	0.000125	0.000016	-10996.596
4680	4	1111	0.000876	0.000604	0.000301	0.000389	-10989.243
4690	4	1111	0.000665	0.000558	0.000503	0.000628	-10989.798
4700	4	1111	0.000597	0.000495	0.000345	0.000564	-10980.323
4710	4	1111	0.000597	0.000471	0.000146	0.000564	-10991.400
4720	4	1111	0.000672	0.000559	0.000264	0.000634	-10984.328
4730	4	1111	0.000688	0.000537	0.000389	0.000523	-10991.540
4740	3	1101	0.000490	0.000178	0.000276	-10998.300
4750	3	1101	0.000511	0.000279	0.000350	-10984.760
4760	3	1101	0.000423	0.000255	0.000320	-10991.910
4770	4	1111	0.000403	0.000093	0.000085	0.000278	-10999.173
4780	4	1111	0.000433	0.000180	0.000175	0.000324	-10990.425
4790	4	1111	0.000611	0.000273	0.000250	0.000075	-10987.379
4800	4	1111	0.000343	0.000250	0.000157	0.000270	-11003.988
4810	4	1111	0.000324	0.000265	0.000210	0.000132	-10995.229
4820	4	1111	0.000472	0.000376	0.000323	0.000388	-10987.081
4830	3	1101	0.000453	0.000428	0.000370	-10985.354
4840	4	1111	0.000498	0.000471	0.000299	0.000407	-10998.725
4850	4	1111	0.000429	0.000390	0.000186	0.000353	-10999.089
4860	4	1111	0.000393	0.000301	0.000113	0.000343	-10990.297
4870	4	1111	0.000661	0.000451	0.000246	0.000253	-10989.419
4880	4	1111	0.000430	0.000185	0.000128	0.000160	-10992.591
4890	3	1101	0.000707	0.000610	0.000337	-10982.397
4900	4	1111	0.000616	0.000258	0.000078	0.000107	-10993.884
4910	2	1100	0.000428	0.000231	-10985.950
4920	2	1100	0.000412	0.000335	-10988.889
4930	2	1100	0.000322	0.000244	-10992.466
4940	4	1111	0.000268	0.000246	0.000031	0.000227	-10991.305
4950	4	1111	0.000322	0.000223	0.000099	0.000254	-10989.025
4960	4	1111	0.000300	0.000265	0.000025	0.000213	-10984.462
4970	3	1101	0.000309	0.000291	0.000284	-10995.157
4980	4	1111	0.000372	0.000330	0.000252	0.000213	-10985.366
4990	4	1111	0.000266	0.000144	0.000103	0.000015	-10980.855
5000	4	1111	0.000420	0.000175	0.000156	0.000082	-10984.065
5010	4	1111	0.000448	0.000226	0.000215	0.000213	-10984.607
5020	3	1110	0.000311	0.000269	0.000161	-10991.622
5030	4	1111	0.000350	0.000245	0.000096	0.000308	-10994.483
5040	4	1111	0.000393	0.000206	0.000013	0.000355	-10988.523
5050	3	1101	0.000393	0.000229	0.000386	-10985.665
5060	4	1111	0.000480	0.000325	0.000050	0.000479	-10990.697
5070	4	1111	0.000418	0.000392	0.000017	0.000348	-10987.691
5080	3	1101	0.000418	0.000392	0.000214	-10987.175
5090	4	1111	0.000486	0.000470	0.000251	0.000436	-11000.274
5100	4	1111	0.000453	0.000445	0.000219	0.000420	-10997.425
5110	4	1111	0.000389	0.000371	0.000234	0.000311	-10988.052
5120	3	1101	0.000415	0.000370	0.000103	-10986.905
5130	4	1111	0.000358	0.000224	0.000069	0.000306	-10995.040
5140	4	1111	0.000280	0.000254	0.000178	0.000145	-10990.267
5150	3	1101	0.000323	0.000276	0.000222	-10985.844
5160	3	1101	0.000371	0.000308	0.000141	-10984.319
5170	3	1101	0.000432	0.000315	0.000195	-10983.782
5180	3	1101	0.000366	0.000254	0.000238	-10978.941
5190	2	1100	0.000442	0.000275	-10978.981
5200	2	1100	0.000414	0.000371	-10986.194
5210	4	1111	0.000514	0.000502	0.000354	0.000245	-11000.948
5220	3	1101	0.000502	0.000317	0.000064	-10993.767
5230	3	1101	0.000388	0.000292	0.000371	-10996.652
5240	4	1111	0.000467	0.000375	0.000213	0.000447	-10977.027
5250	4	1111	0.000403	0.000383	0.000084	0.000386	-10990.749
5260	4	1111	0.000449	0.000426	0.000122	0.000430	-10990.355
5270	4	1111	0.000520	0.000478	0.000174	0.000449	-10988.512
5280	4	1111	0.000732	0.000475	0.000066	0.000633	-10982.053
5290	3	1101	0.000556	0.000371	0.000430	-10985.301
5300	4	1111	0.000682	0.000503	0.000012	0.000665	-10988.652
5310	3	1101	0.000559	0.000421	0.000546	-10992.750
5320	3	1101	0.000540	0.000446	0.000526	-10992.661
5330	4	1111	0.000643	0.000467	0.000003	0.000627	-10994.249
5340	3	1101	0.000668	0.000373	0.000587	-10994.995
5350	4	1111	0.000432	0.000363	0.000123	0.000303	-10986.159
5360	3	1101	0.000405	0.000312	0.000250	-10990.352
5370	3	1101	0.000464	0.000319	0.000353	-10985.066
5380	4	1111	0.000467	0.000318	0.000013	0.000329	-10987.273
5390	3	1101	0.000528	0.000187	0.000388	-10996.756
5400	3	1101	0.000581	0.000414	0.000238	-10997.745
5410	3	1101	0.000870	0.000281	0.000702	-10992.439
5420	2	1001	0.000799	0.000761	-10991.942
5430	4	1111	0.000430	0.000262	0.000013	0.000409	-10993.499
5440	4	1111	0.000399	0.000218	0.000029	0.000392	-10980.975
5450	3	1101	0.000456	0.000416	0.000448	-10984.122
5460	3	1101	0.000519	0.000450	0.000276	-10998.828
5470	3	1101	0.000477	0.000413	0.000209	-10986.570
5480	3	1101	0.000392	0.000163	0.000194	-10983.374
5490	3	1101	0.000397	0.000245	0.000141	-10985.759
5500	4	1111	0.000367	0.000272	0.000023	0.000201	-10983.142
5510	4	1111	0.000431	0.000232	0.000065	0.000215	-10984.373
5520	3	1101	0.000440	0.000114	0.000348	-10984.683
5530	3	1101	0.000387	0.000213	0.000373	-10995.332
5540	4	1111	0.000414	0.000177	0.000097	0.000279	-10990.952
5550	3	1110	0.000431	0.000316	0.000047	-10990.119
5560	3	1101	0.000263	0.000168	0.000095	-10995.935
5570	2	1100	0.000229	0.000214	-10998.811
5580	4	1111	0.000213	0.000185	0.000108	0.000002	-10997.766
5590	4	1111	0.000288	0.000254	0.000057	0.000203	-10989.764
5600	3	1101	0.000373	0.000099	0.000285	-10979.304
5610	4	1111	0.000235	0.000206	0.000140	0.000012	-10989.004
5620	3	1110	0.000306	0.000099	0.000035	-10989.224
5630	2	1100	0.000325	0.000250	-10992.604
5640	4	1111	0.000403	0.000192	0.000022	0.000117	-10987.169
5650	3	1110	0.000355	0.000126	0.000079	-10991.074
5660	4	1111	0.000308	0.000093	0.000079	0.000166	-10988.157
5670	4	1111	0.000283	0.000110	0.000029	0.000186	-10989.125
5680	4	1111	0.000329	0.000116	0.000066	0.000168	-10984.741
5690	4	1111	0.000359	0.000074	0.000069	0.000277	-10986.695
5700	4	1111	0.000407	0.000084	0.000084	0.000396	-10991.442
5710	4	1111	0.000387	0.000080	0.000054	0.000264	-10990.629
5720	4	1111	0.000298	0.000104	0.000016	0.000149	-10987.588
5730	4	1111	0.000354	0.000263	0.000123	0.000029	-10991.448
5740	2	1100	0.000390	0.000192	-10990.045
5750	3	1110	0.000420	0.000240	0.000155	-10994.459
5760	4	1111	0.000491	0.000097	0.000052	0.000132	-10993.315
5770	4	1111	0.000306	0.000217	0.000214	0.000258	-10988.818
5780	4	1111	0.000445	0.000314	0.000277	0.000444	-10982.353
5790	4	1111	0.000549	0.000520	0.000422	0.000549	-10994.529
5800	3	1101	0.000472	0.000423	0.000472	-11002.633
5810	3	1101	0.000696	0.000510	0.000696	-11000.755
5820	4	1111	0.000749	0.000291	0.000148	0.000748	-10990.571
5830	3	1101	0.000625	0.000496	0.000624	-11008.723
5840	4	1111	0.000573	0.000513	0.000092	0.000572	-10992.984
5850	4	1111	0.000475	0.000301	0.000016	0.000474	-10995.317
5860	3	1101	0.000417	0.000390	0.000335	-10986.623
5870	4	1111	0.000389	0.000313	0.000080	0.000379	-10994.717
5880	4	1111	0.000455	0.000364	0.000065	0.000405	-10988.002
5890	3	1101	0.000472	0.000217	0.000421	-10982.287
5900	3	1101	0.000472	0.000421	0.000117	-10994.255
5910	3	1101	0.000416	0.000333	0.000256	-11001.507
5920	3	1101	0.000412	0.000135	0.000395	-10983.820
5930	4	1111	0.000608	0.000187	0.000033	0.000583	-10982.201
5940	4	1111	0.000681	0.000553	0.000056	0.000463	-10991.350
5950	4	1111	0.000819	0.000696	0.000232	0.000669	-10988.972
5960	4	1111	0.000789	0.000741	0.000172	0.000634	-11001.093
5970	4	1111	0.001101	0.001076	0.000573	0.000935	-11004.100
5980	4	1111	0.000971	0.000828	0.000608	0.000703	-11005.908
5990	4	1111	0.000873	0.000733	0.000691	0.000654	-10999.571
6000	4	1111	0.001336	0.001320	0.000504	0.001228	-10999.851
6010	4	1111	0.000896	0.000886	0.000277	0.000822	-10992.942
6020	4	1111	0.000664	0.000661	0.000282	0.000475	-10999.536
6030	4	1111	0.000679	0.000667	0.000410	0.000480	-10992.865
6040	4	1111	0.000613	0.000607	0.000444	0.000130	-10998.609
6050	4	1111	0.000795	0.000724	0.000413	0.000103	-10993.068
6060	3	1101	0.000583	0.000571	0.000516	-10991.436
6070	4	1111	0.000532	0.000522	0.000038	0.000471	-10989.776
6080	4	1111	0.000622	0.000617	0.000504	0.000550	-10998.244
6090	4	1111	0.000418	0.000355	0.000211	0.000374	-10996.969
6100	4	1111	0.000512	0.000400	0.000079	0.000212	-10989.934
6110	4	1111	0.000359	0.000348	0.000125	0.000253	-10985.593
6120	4	1111	0.000468	0.000313	0.000148	0.000381	-10992.061
6130	3	1101	0.000687	0.000365	0.000066	-10999.615
6140	2	1100	0.000847	0.000512	-10984.008
6150	2	1100	0.000847	0.000322	-10996.873
6160	3	1101	0.000577	0.000325	0.000283	-11005.760
6170	4	1111	0.000577	0.000209	0.000129	0.000459	-10988.863
6180	4	1111	0.000720	0.000343	0.000076	0.000573	-10987.022
6190	4	1111	0.000483	0.000272	0.000167	0.000400	-10985.886
6200	3	1101	0.000394	0.000320	0.000373	-10990.169
6210	4	1111	0.000449	0.000260	0.000018	0.000169	-10991.681
6220	3	1101	0.000442	0.000322	0.000210	-10988.872
6230	3	1101	0.000526	0.000409	0.000357	-10980.441
6240	3	1101	0.000382	0.000069	0.000373	-10985.109
6250	2	1001	0.000494	0.000462	-10989.794
6260	2	1001	0.000608	0.000304	-10999.854
6270	2	1001	0.000443	0.000318	-10994.909
6280	1	1000	0.000374	-10980.349
6290	2	1001	0.000368	0.000281	-10979.759
6300	1	1000	0.000436	-10987.768
6310	1	1000	0.000449	-10982.715
6320	2	1100	0.000367	0.000217	-10989.510
6330	2	1100	0.000445	0.000400	-10986.812
6340	3	1101	0.000445	0.000400	0.000085	-10985.349
6350	2	1100	0.000533	0.000359	-10992.923
6360	4	1111	0.000429	0.000376	0.000236	0.000239	-10992.587
6370	4	1111	0.000434	0.000315	0.000267	0.000276	-10989.054
6380	4	1111	0.000525	0.000335	0.000315	0.000381	-10991.196
6390	4	1111	0.000446	0.000274	0.000266	0.000387	-10986.239
6400	4	1111	0.000472	0.000356	0.000125	0.000293	-10983.633
6410	4	1111	0.000472	0.000394	0.000164	0.000316	-10997.608
6420	3	1101	0.000713	0.000484	0.000427	-10991.916
6430	3	1101	0.000561	0.000314	0.000491	-10996.221
6440	4	1111	0.000561	0.000415	0.000006	0.000491	-10985.087
6450	3	1101	0.000642	0.000470	0.000549	-10992.212
6460	3	1101	0.000749	0.000353	0.000507	-10990.914
6470	3	1101	0.000749	0.000446	0.000678	-10991.007
6480	4	1111	0.000551	0.000402	0.000035	0.000312	-10996.904
6490	4	1111	0.000446	0.000340	0.000020	0.000243	-10992.204
6500	3	1101	0.000468	0.000412	0.000433	-10988.586
6510	4	1111	0.000504	0.000329	0.000069	0.000274	-10981.886
6520	4	1111	0.000477	0.000318	0.000256	0.000367	-10984.930
6530	4	1111	0.000416	0.000314	0.000193	0.000165	-10987.986
6540	4	1111	0.000310	0.000179	0.000160	0.000182	-10991.725
6550	4	1111	0.000446	0.000402	0.000366	0.000255	-10986.087
6560	4	1111	0.000446	0.000391	0.000345	0.000102	-10988.152
6570	4	1111	0.000354	0.000316	0.000302	0.000172	-10989.587
6580	4	1111	0.000297	0.000261	0.000232	0.000213	-10997.522
6590	4	1111	0.000342	0.000296	0.000150	0.000164	-10990.177
6600	3	1110	0.000424	0.000381	0.000047	-10991.346
6610	3	1101	0.000410	0.000368	0.000254	-10999.234
6620	4	1111	0.000538	0.000293	0.000184	0.000461	-11001.884
6630	3	1101	0.000431	0.000320	0.000416	-10983.850
6640	3	1101	0.000404	0.000139	0.000390	-10990.775
6650	3	1101	0.000426	0.000308	0.000343	-10988.568
6660	3	1101	0.000530	0.000356	0.000375	-10991.579
6670	4	1111	0.000401	0.000349	0.000086	0.000277	-11001.213
6680	3	1101	0.000435	0.000318	0.000083	-10996.405
6690	3	1101	0.000358	0.000082	0.000323	-10993.599
6700	3	1101	0.000442	0.000254	0.000411	-10989.744
6710	4	1111	0.000481	0.000342	0.000233	0.000447	-11001.358
6720	4	1111	0.000360	0.000266	0.000168	0.000335	-10993.012
6730	4	1111	0.000429	0.000135	0.000056	0.000192	-10997.141
6740	3	1101	0.000699	0.000557	0.000698	-10990.321
6750	3	1101	0.000415	0.000242	0.000414	-10994.397
6760	3	1101	0.000497	0.000316	0.000287	-10991.332
6770	3	1101	0.000619	0.000193	0.000287	-10997.693
6780	4	1111	0.000837	0.000464	0.000257	0.000107	-10993.014
6790	4	1111	0.000739	0.000639	0.000323	0.000283	-10988.310
6800	4	1111	0.000726	0.000395	0.000304	0.000383	-11004.687
6810	2	1001	0.000635	0.000369	-10993.816
6820	4	1111	0.000639	0.000217	0.000061	0.000205	-11005.642
6830	3	1101	0.000467	0.000257	0.000388	-10983.120
6840	4	1111	0.000687	0.000513	0.000387	0.000602	-10990.915
6850	4	1111	0.000545	0.000452	0.000314	0.000477	-11005.121
6860	4	1111	0.000561	0.000247	0.000157	0.000343	-11000.386
6870	4	1111	0.000538	0.000250	0.000074	0.000459	-10995.810
6880	4	1111	0.000539	0.000091	0.000083	0.000120	-11003.621
6890	4	1111	0.000704	0.000154	0.000086	0.000266	-10982.877
6900	4	1111	0.001138	0.000268	0.000248	0.000958	-10996.853
6910	4	1111	0.001055	0.000248	0.000138	0.001034	-11000.536
6920	4	1111	0.001161	0.000777	0.000677	0.000322	-10990.718
6930	3	1110	0.001046	0.000881	0.000700	-11001.629
6940	3	1110	0.000804	0.000766	0.000718	-10990.989
6950	4	1111	0.000634	0.000524	0.000379	0.000538	-10987.895
6960	4	1111	0.000775	0.000764	0.000615	0.000417	-11003.865
6970	4	1111	0.000649	0.000642	0.000441	0.000617	-10988.262
6980	4	1111	0.000668	0.000664	0.000415	0.000485	-10988.987
6990	4	1111	0.000714	0.000709	0.000540	0.000518	-10994.415
7000	4	1111	0.000665	0.000627	0.000180	0.000339	-10996.940
7010	3	1110	0.000742	0.000698	0.000312	-10997.769
7020	4	1111	0.000734	0.000690	0.000147	0.000420	-10993.812
7030	4	1111	0.000505	0.000438	0.000316	0.000466	-10999.134
7040	4	1111	0.000566	0.000477	0.000177	0.000523	-10985.101
7050	4	1111	0.000546	0.000305	0.000190	0.000504	-10988.835
7060	4	1111	0.000553	0.000419	0.000008	0.000425	-10993.433
7070	4	1111	0.000365	0.000336	0.000239	0.000296	-10997.053
7080	4	1111	0.000485	0.000473	0.000317	0.000393	-10998.684
7090	4	1111	0.000552	0.000476	0.000156	0.000447	-10983.784
7100	4	1111	0.000414	0.000332	0.000075	0.000083	-10990.293
7110	4	1111	0.000718	0.000584	0.000248	0.000716	-10998.566
7120	4	1111	0.000718	0.000663	0.000407	0.000716	-11002.519
7130	4	1111	0.000895	0.000657	0.000116	0.000893	-10992.817
7140	4	1111	0.000761	0.000611	0.000476	0.000759	-10984.262
7150	4	1111	0.000669	0.000558	0.000232	0.000668	-11000.251
7160	4	1111	0.000890	0.000540	0.000334	0.000888	-10999.657
7170	4	1111	0.000486	0.000375	0.000306	0.000485	-10991.488
7180	4	1111	0.000507	0.000464	0.000398	0.000506	-11000.501
7190	4	1111	0.000630	0.000374	0.000266	0.000628	-10993.901
7200	4	1111	0.000626	0.000550	0.000332	0.000625	-10998.303
7210	4	1111	0.000661	0.000610	0.000353	0.000660	-10992.520
7220	4	1111	0.000582	0.000351	0.000202	0.000507	-10980.783
7230	4	1111	0.000552	0.000520	0.000349	0.000486	-10991.363
7240	4	1111	0.000552	0.000483	0.000415	0.000486	-10993.417
7250	4	1111	0.000687	0.000633	0.000482	0.000619	-10998.473
7260	4	1111	0.000590	0.000577	0.000485	0.000532	-10988.887
7270	4	1111	0.000737	0.000606	0.000249	0.000664	-10993.626
7280	4	1111	0.000418	0.000252	0.000091	0.000377	-10988.821
7290	4	1111	0.000687	0.000357	0.000315	0.000397	-10993.803
7300	4	1111	0.000608	0.000517	0.000436	0.000481	-10998.477
7310	4	1111	0.000705	0.000692	0.000494	0.000657	-10993.359
7320	4	1111	0.000779	0.000608	0.000287	0.000640	-10996.325
7330	4	1111	0.000758	0.000657	0.000009	0.000696	-10989.455
7340	4	1111	0.000758	0.000657	0.000009	0.000633	-10995.112
7350	4	1111	0.000900	0.000780	0.000011	0.000706	-10995.609
7360	3	1101	0.000727	0.000480	0.000633	-11005.846
7370	4	1111	0.000541	0.000418	0.000017	0.000273	-10994.332
7380	4	1111	0.000622	0.000587	0.000283	0.000569	-10997.270
7390	4	1111	0.000737	0.000664	0.000526	0.000674	-10994.079
7400	4	1111	0.000599	0.000567	0.000386	0.000463	-11010.636
7410	4	1111	0.000582	0.000533	0.000106	0.000450	-10996.960
7420	3	1101	0.000669	0.000631	0.000542	-10988.886
7430	3	1101	0.000459	0.000404	0.000414	-11004.295
7440	3	1101	0.000638	0.000539	0.000544	-10994.695
7450	4	1111	0.000513	0.000459	0.000242	0.000438	-10990.456
7460	3	1101	0.000667	0.000638	0.000569	-11000.672
7470	4	1111	0.000532	0.000509	0.000020	0.000454	-10992.074
7480	4	1111	0.000511	0.000473	0.000147	0.000436	-10989.462
7490	4	1111	0.000429	0.000379	0.000265	0.000390	-10981.186
7500	4	1111	0.000459	0.000279	0.000091	0.000410	-10978.085
7510	3	1101	0.000800	0.000408	0.000336	-10988.614
7520	4	1111	0.000700	0.000240	0.000055	0.000642	-10993.337
7530	3	1101	0.000582	0.000365	0.000464	-10981.018
7540	3	1101	0.000661	0.000237	0.000426	-10979.852
7550	3	1101	0.000590	0.000187	0.000430	-10980.649
7560	3	1101	0.000402	0.000158	0.000357	-10991.488
7570	3	1101	0.000310	0.000190	0.000257	-10987.880
7580	4	1111	0.000270	0.000184	0.000131	0.000262	-10989.872
7590	4	1111	0.000365	0.000183	0.000032	0.000056	-10990.896
7600	3	1101	0.000318	0.000228	0.000201	-10977.698
7610	4	1111	0.000289	0.000173	0.000068	0.000222	-10992.071
7620	4	1111	0.000258	0.000214	0.000082	0.000216	-10998.532
7630	4	1111	0.000242	0.000224	0.000001	0.000143	-10989.765
7640	3	1101	0.000271	0.000245	0.000184	-10987.752
7650	3	1101	0.000286	0.000212	0.000220	-10993.825
7660	4	1111	0.000228	0.000176	0.000050	0.000178	-10980.224
7670	3	1101	0.000280	0.000093	0.000168	-10987.903
7680	3	1101	0.000216	0.000129	0.000163	-10994.937
7690	3	1101	0.000230	0.000087	0.000147	-10996.811
7700	4	1111	0.000334	0.000074	0.000031	0.000294	-10987.921
7710	2	1001	0.000431	0.000050	-10984.945
7720	1	1000	0.000339	-10980.630
7730	1	1000	0.000238	-10992.190
7740	3	1110	0.000394	0.000076	0.000069	-10985.511
7750	4	1111	0.000358	0.000087	0.000052	0.000138	-10978.396
7760	1	1000	0.000416	-10995.574
7770	3	1110	0.000437	0.000105	0.000053	-10989.123
7780	4	1111	0.000442	0.000040	0.000008	0.000415	-10977.161
7790	4	1111	0.000496	0.000045	0.000030	0.000465	-10977.082
7800	3	1101	0.000408	0.000298	0.000202	-10988.296
7810	3	1110	0.000404	0.000281	0.000170	-11000.582
7820	4	1111	0.000382	0.000304	0.000250	0.000038	-10990.965
7830	4	1111	0.000314	0.000241	0.000175	0.000037	-10985.314
7840	3	1101	0.000404	0.000238	0.000385	-10985.360
7850	4	1111	0.000370	0.000131	0.000092	0.000285	-10987.364
7860	4	1111	0.000389	0.000201	0.000143	0.000280	-10994.449
7870	4	1111	0.000533	0.000520	0.000139	0.000362	-10992.912
7880	2	1100	0.000494	0.000482	-10983.317
7890	4	1111	0.000624	0.000578	0.000205	0.000514	-10996.131
7900	4	1111	0.000668	0.000627	0.000249	0.000236	-10997.700
7910	4	1111	0.001031	0.000709	0.000428	0.000632	-10995.243
7920	4	1111	0.000725	0.000521	0.000272	0.000275	-10991.204
7930	4	1111	0.000581	0.000569	0.000293	0.000513	-10997.997
7940	4	1111	0.000421	0.000348	0.000211	0.000388	-10998.352
7950	3	1101	0.000568	0.000496	0.000523	-10991.971
7960	3	1101	0.000489	0.000428	0.000451	-11002.143
7970	3	1101	0.000717	0.000442	0.000661	-10995.551
7980	3	1101	0.000817	0.000137	0.000524	-10986.683
7990	3	1101	0.000811	0.000582	0.000596	-10989.607
8000	4	1111	0.000928	0.000403	0.000167	0.000426	-10984.249
8010	3	1101	0.000723	0.000185	0.000568	-10988.082
8020	3	1101	0.000547	0.000356	0.000277	-10996.811
8030	3	1101	0.000518	0.000477	0.000368	-10991.380
8040	4	1111	0.000518	0.000342	0.000204	0.000469	-10990.161
8050	4	1111	0.000710	0.000683	0.000472	0.000580	-10995.143
8060	3	1110	0.000427	0.000384	0.000054	-10998.128
8070	3	1110	0.000395	0.000328	0.000129	-10992.122
8080	3	1101	0.000372	0.000360	0.000345	-10988.058
8090	4	1111	0.000508	0.000469	0.000037	0.000471	-10984.028
8100	4	1111	0.000475	0.000438	0.000059	0.000440	-10990.043
8110	4	1111	0.000548	0.000308	0.000232	0.000466	-10999.107
8120	3	1101	0.000784	0.000531	0.000632	-10995.839
8130	3	1101	0.000678	0.000453	0.000481	-10999.970
8140	4	1111	0.000607	0.000409	0.000007	0.000320	-11001.448
8150	3	1101	0.000511	0.000476	0.000446	-11001.805
8160	3	1101	0.000412	0.000384	0.000360	-10994.027
8170	4	1111	0.000565	0.000508	0.000363	0.000490	-10994.903
8180	4	1111	0.000469	0.000405	0.000322	0.000407	-10992.386
8190	4	1111	0.000530	0.000423	0.000103	0.000459	-10991.348
8200	3	1101	0.000714	0.000509	0.000486	-10984.943
8210	4	1111	0.000587	0.000519	0.000074	0.000523	-10989.911
8220	2	1100	0.000631	0.000558	-10987.867
8230	2	1100	0.000519	0.000433	-10983.773
8240	3	1101	0.000520	0.000434	0.000059	-10992.584
8250	3	1101	0.000363	0.000310	0.000248	-10993.354
8260	3	1101	0.000396	0.000275	0.000216	-10983.941
8270	3	1101	0.000480	0.000346	0.000413	-10991.181
8280	3	1101	0.000554	0.000404	0.000505	-10985.888
8290	4	1111	0.000618	0.000219	0.000056	0.000564	-10976.839
8300	4	1111	0.000646	0.000466	0.000150	0.000354	-10982.298
8310	3	1101	0.000583	0.000153	0.000241	-10985.869
8320	3	1101	0.000521	0.000212	0.000241	-10995.948
8330	3	1101	0.000460	0.000356	0.000459	-10989.221
8340	3	1101	0.000458	0.000383	0.000273	-10989.640
8350	4	1111	0.000402	0.000270	0.000231	0.000274	-10985.809
8360	4	1111	0.000478	0.000186	0.000103	0.000376	-10990.347
8370	4	1111	0.000562	0.000347	0.000263	0.000446	-10989.610
8380	3	1101	0.000351	0.000291	0.000285	-10992.617
8390	2	1100	0.000366	0.000341	-10991.361
8400	2	1100	0.000408	0.000281	-10986.437
8410	3	1101	0.000456	0.000341	0.000245	-10981.352
8420	3	1101	0.000436	0.000397	0.000245	-10992.023
8430	4	1111	0.000387	0.000375	0.000289	0.000348	-10989.102
8440	4	1111	0.000383	0.000357	0.000041	0.000287	-10992.038
8450	4	1111	0.000521	0.000507	0.000156	0.000509	-10992.841
8460	4	1111	0.000681	0.000643	0.000262	0.000666	-10997.737
8470	3	1101	0.000619	0.000509	0.000605	-10991.823
8480	4	1111	0.000422	0.000327	0.000125	0.000272	-10994.731
8490	4	1111	0.000530	0.000460	0.000250	0.000252	-10989.157
8500	4	1111	0.000592	0.000485	0.000171	0.000505	-11003.212
8510	4	1111	0.000527	0.000471	0.000429	0.000295	-10996.860
8520	4	1111	0.000427	0.000374	0.000354	0.000339	-10990.189
8530	3	1110	0.000509	0.000468	0.000402	-10996.585
8540	4	1111	0.000354	0.000256	0.000111	0.000285	-10987.338
8550	3	1101	0.000389	0.000336	0.000181	-10980.856
8560	3	1110	0.000484	0.000372	0.000079	-11005.599
8570	2	1100	0.000436	0.000303	-10992.662
8580	3	1101	0.000460	0.000228	0.000171	-10986.834
8590	3	1101	0.000328	0.000246	0.000132	-11000.880
8600	4	1111	0.000330	0.000178	0.000021	0.000313	-10990.195
8610	4	1111	0.000255	0.000164	0.000035	0.000056	-10979.695
8620	4	1111	0.000289	0.000247	0.000105	0.000120	-11000.879
8630	4	1111	0.000363	0.000260	0.000225	0.000168	-10995.303
8640	4	1111	0.000388	0.000289	0.000261	0.000134	-10988.097
8650	4	1111	0.000325	0.000271	0.000213	0.000246	-10992.013
8660	4	1111	0.000521	0.000424	0.000321	0.000332	-10987.034
8670	4	1111	0.000467	0.000346	0.000129	0.000375	-10983.514
8680	4	1111	0.000529	0.000358	0.000348	0.000389	-10991.029
8690	4	1111	0.000419	0.000312	0.000154	0.000333	-10991.367
8700	4	1111	0.000535	0.000296	0.000064	0.000111	-10987.289
8710	4	1111	0.000510	0.000221	0.000148	0.000267	-10984.074
8720	4	1111	0.000576	0.000496	0.000218	0.000397	-11001.300
8730	4	1111	0.000538	0.000409	0.000273	0.000205	-10983.362
8740	4	1111	0.000537	0.000479	0.000258	0.000191	-10989.613
8750	3	1101	0.000389	0.000366	0.000337	-10992.507
8760	3	1101	0.000514	0.000483	0.000445	-10988.541
8770	4	1111	0.000664	0.000624	0.000273	0.000492	-10994.343
8780	4	1111	0.000687	0.000446	0.000018	0.000410	-10980.100
8790	4	1111	0.000454	0.000284	0.000119	0.000387	-10988.500
8800	3	1101	0.000589	0.000353	0.000394	-10993.418
8810	3	1101	0.000708	0.000454	0.000560	-10982.391
8820	3	1101	0.000774	0.000685	0.000640	-10991.055
8830	3	1101	0.000587	0.000520	0.000486	-10980.247
8840	4	1111	0.000465	0.000445	0.000221	0.000404	-10988.253
8850	3	1101	0.000425	0.000407	0.000222	-10985.592
8860	4	1111	0.000416	0.000407	0.000027	0.000160	-10984.692
8870	3	1101	0.000380	0.000371	0.000228	-10988.663
8880	3	1110	0.000310	0.000303	0.000046	-10984.952
8890	2	1100	0.000418	0.000244	-10986.250
8900	4	1111	0.000286	0.000265	0.000084	0.000152	-10995.580
8910	4	1111	0.000391	0.000384	0.000188	0.000346	-10994.310
8920	4	1111	0.000433	0.000361	0.000181	0.000407	-10989.040
8930	4	1111	0.000338	0.000217	0.000159	0.000249	-11000.547
8940	3	1101	0.000434	0.000312	0.000288	-10995.483
8950	2	1100	0.000456	0.000225	-10989.561
8960	2	1100	0.000454	0.000334	-10991.183
8970	4	1111	0.000340	0.000194	0.000022	0.000160	-10978.936
8980	4	1111	0.000357	0.000323	0.000034	0.000301	-10987.811
8990	3	1101	0.000441	0.000336	0.000172	-10992.937
9000	3	1101	0.000502	0.000131	0.000340	-10990.051
9010	3	1101	0.000379	0.000152	0.000329	-10999.206
9020	2	1001	0.000342	0.000214	-10981.752
9030	1	1000	0.000340	-10984.865
9040	2	1001	0.000406	0.000077	-10985.997
9050	3	1101	0.000361	0.000002	0.000092	-10980.723
9060	2	1001	0.000400	0.000292	-10980.420
9070	2	1001	0.000371	0.000128	-10991.660
9080	2	1001	0.000416	0.000107	-10989.106
9090	2	1001	0.000586	0.000412	-10988.043
9100	2	1001	0.000535	0.000209	-10991.670
9110	2	1001	0.000533	0.000510	-10984.040
9120	2	1001	0.000645	0.000252	-10981.469
9130	2	1001	0.000660	0.000550	-10992.118
9140	2	1001	0.000343	0.000267	-10991.227
9150	2	1001	0.000525	0.000475	-10992.227
9160	2	1001	0.000548	0.000350	-10983.900
9170	2	1001	0.000553	0.000457	-10986.190
9180	2	1001	0.000798	0.000250	-10990.446
9190	2	1001	0.000818	0.000704	-10993.141
9200	2	1001	0.000651	0.000531	-10990.355
9210	2	1001	0.000626	0.000418	-10993.599
9220	1	1000	0.000546	-10990.371
9230	2	1001	0.000541	0.000421	-11000.966
9240	2	1001	0.000573	0.000318	-10996.632
9250	2	1001	0.000592	0.000417	-10993.014
9260	2	1001	0.000634	0.000453	-10991.226
9270	2	1001	0.000625	0.000454	-10990.016
9280	2	1001	0.000831	0.000341	-10992.843
9290	2	1001	0.000664	0.000403	-10994.338
9300	2	1001	0.000540	0.000428	-11001.481
9310	3	1101	0.000554	0.000033	0.000397	-10986.073
9320	2	1001	0.000469	0.000366	-10991.262
9330	2	1001	0.000353	0.000324	-10999.473
9340	2	1001	0.000462	0.000424	-10988.058
9350	2	1001	0.000715	0.000656	-10994.276
9360	2	1001	0.000610	0.000560	-10988.166
9370	2	1001	0.000827	0.000609	-11002.980
9380	2	1001	0.000746	0.000546	-11000.655
9390	3	1101	0.000712	0.000138	0.000284	-10997.189
9400	4	1111	0.001176	0.000369	0.000051	0.000586	-11011.650
9410	4	1111	0.001262	0.000535	0.000293	0.000632	-11003.107
9420	2	1100	0.000641	0.000229	-11007.892
9430	3	1101	0.000611	0.000356	0.000132	-10998.694
9440	3	1101	0.000560	0.000349	0.000402	-10997.851
9450	4	1111	0.001105	0.000352	0.000141	0.000888	-10993.713
9460	4	1111	0.000549	0.000212	0.000155	0.000265	-10987.642
9470	3	1101	0.000575	0.000159	0.000327	-10979.663
9480	2	1100	0.000675	0.000148	-10986.528
9490	2	1100	0.000537	0.000048	-10988.884
9500	3	1101	0.000608	0.000055	0.000400	-10992.403
9510	4	1111	0.000569	0.000048	0.000021	0.000437	-10986.500
9520	4	1111	0.000516	0.000044	0.000010	0.000404	-10994.305
9530	4	1111	0.000540	0.000455	0.000007	0.000357	-10983.176
9540	3	1101	0.000644	0.000543	0.000625	-10988.293
9550	3	1101	0.000410	0.000346	0.000316	-10988.433
9560	3	1101	0.000446	0.000353	0.000313	-10988.989
9570	3	1101	0.000492	0.000421	0.000438	-10998.639
9580	3	1101	0.000492	0.000269	0.000205	-10992.944
9590	2	1100	0.000548	0.000142	-10992.717
9600	2	1100	0.001035	0.000863	-10989.747
9610	3	1101	0.001503	0.000650	0.000300	-10990.511
9620	3	1101	0.000869	0.000356	0.000769	-10992.509
9630	3	1101	0.000624	0.000450	0.000539	-10999.078
9640	4	1111	0.000781	0.000564	0.000058	0.000675	-11004.128
9650	4	1111	0.000656	0.000548	0.000160	0.000567	-10997.467
9660	4	1111	0.000804	0.000634	0.000330	0.000695	-10990.743
9670	3	1101	0.000774	0.000405	0.000647	-10995.114
9680	4	1111	0.000575	0.000452	0.000002	0.000481	-10992.088
9690	3	1101	0.000339	0.000214	0.000259	-10992.490
9700	3	1101	0.000402	0.000368	0.000253	-10991.319
9710	3	1101	0.000445	0.000385	0.000293	-10989.986
9720	4	1111	0.000504	0.000367	0.000172	0.000350	-10987.150
9730	4	1111	0.000498	0.000325	0.000214	0.000342	-10995.536
9740	3	1101	0.000412	0.000242	0.000244	-10995.077
9750	3	1110	0.000509	0.000179	0.000046	-11004.122
9760	3	1101	0.000527	0.000421	0.000356	-10979.778
9770	3	1101	0.000946	0.000315	0.000525	-10990.714
9780	3	1101	0.000621	0.000397	0.000350	-10992.209
9790	3	1101	0.000536	0.000264	0.000172	-10985.171
9800	3	1101	0.000588	0.000384	0.000363	-10994.299
9810	4	1111	0.000802	0.000537	0.000238	0.000748	-11000.029
9820	4	1111	0.000802	0.000688	0.000497	0.000748	-10991.550
9830	4	1111	0.001100	0.000898	0.000386	0.001023	-10997.129
9840	4	1111	0.000822	0.000518	0.000368	0.000736	-11002.012
9850	4	1111	0.000766	0.000672	0.000609	0.000458	-10992.961
9860	4	1111	0.000662	0.000596	0.000374	0.000646	-11003.734
9870	4	1111	0.000662	0.000601	0.000377	0.000646	-11001.070
9880	4	1111	0.000859	0.000433	0.000154	0.000393	-10983.358
9890	4	1111	0.000742	0.000537	0.000498	0.000504	-11003.844
9900	3	1110	0.000805	0.000546	0.000394	-10998.795
9910	4	1111	0.000725	0.000637	0.000486	0.000146	-10990.259
9920	4	1111	0.000708	0.000636	0.000516	0.000542	-11003.772
9930	4	1111	0.000823	0.000804	0.000078	0.000414	-10988.562
9940	3	1101	0.000627	0.000608	0.000580	-11000.254
9950	4	1111	0.000505	0.000489	0.000092	0.000468	-10990.669
9960	3	1101	0.000443	0.000423	0.000410	-10997.383
9970	3	1101	0.000437	0.000218	0.000270	-10999.208
9980	4	1111	0.000609	0.000490	0.000062	0.000513	-10991.807
9990	3	1101	0.000509	0.000452	0.000497	-10987.716
10000	4	1111	0.000521	0.000463	0.000160	0.000411	-10992.026
