Gen	np	tree	tau_8L_erasa_AK_Thompson_PassL_erasa_OR_Mount_HeboL_erasa_OR_Marys_PeakL_erasa_OR_Prairie_PeakL_erasa_OR_Lost_PrairieL_erasa_OR_Mt_HoodL_erasa_BC_Cherryville	tau_9L_erasa_AK_Thompson_PassL_erasa_OR_Mount_HeboL_erasa_OR_Marys_PeakL_erasa_OR_Prairie_Peak	tau_10L_erasa_OR_Mount_HeboL_erasa_OR_Marys_PeakL_erasa_OR_Prairie_Peak	tau_11L_erasa_OR_Marys_PeakL_erasa_OR_Prairie_Peak	tau_12L_erasa_OR_Lost_PrairieL_erasa_OR_Mt_HoodL_erasa_BC_Cherryville	lnL
10	5	111011	0.000446	0.000442	0.000232	0.000434	0.000409	-11694.648
20	5	111011	0.000488	0.000449	0.000158	0.000475	0.000447	-11706.801
30	5	111011	0.000470	0.000367	0.000082	0.000426	0.000422	-11700.571
40	5	111011	0.000417	0.000382	0.000073	0.000405	0.000343	-11696.308
50	5	111011	0.000391	0.000352	0.000068	0.000234	0.000144	-11696.594
60	5	111011	0.000373	0.000366	0.000120	0.000316	0.000195	-11701.778
70	5	111011	0.000449	0.000434	0.000062	0.000407	0.000244	-11710.314
80	6	111111	0.000424	0.000422	0.000142	0.000014	0.000412	0.000284	-11700.075
90	5	111011	0.000350	0.000349	0.000119	0.000310	0.000236	-11715.659
100	5	111011	0.000438	0.000437	0.000094	0.000348	0.000258	-11703.328
110	6	111111	0.000401	0.000377	0.000117	0.000088	0.000344	0.000261	-11694.001
120	6	111111	0.000424	0.000386	0.000123	0.000122	0.000408	0.000313	-11705.152
130	6	111111	0.000399	0.000389	0.000116	0.000113	0.000337	0.000269	-11706.600
140	6	111111	0.000490	0.000450	0.000190	0.000106	0.000420	0.000330	-11696.898
150	6	111111	0.000466	0.000428	0.000200	0.000023	0.000379	0.000264	-11703.008
160	6	111111	0.000418	0.000358	0.000157	0.000126	0.000415	0.000235	-11709.783
170	6	111111	0.000418	0.000319	0.000168	0.000121	0.000412	0.000374	-11694.882
180	6	111111	0.000507	0.000446	0.000196	0.000143	0.000446	0.000399	-11703.464
190	6	111111	0.000433	0.000274	0.000226	0.000180	0.000336	0.000103	-11691.293
200	6	111111	0.000433	0.000265	0.000123	0.000075	0.000397	0.000277	-11700.904
210	6	111111	0.000459	0.000282	0.000100	0.000037	0.000434	0.000390	-11697.064
220	6	111111	0.000379	0.000352	0.000148	0.000051	0.000377	0.000354	-11700.793
230	5	111011	0.000361	0.000267	0.000051	0.000356	0.000295	-11695.021
240	6	111111	0.000434	0.000323	0.000126	0.000061	0.000430	0.000420	-11692.475
250	6	111111	0.000389	0.000375	0.000134	0.000077	0.000361	0.000243	-11698.779
260	6	111111	0.000389	0.000375	0.000131	0.000050	0.000358	0.000315	-11690.530
270	6	111111	0.000352	0.000342	0.000127	0.000084	0.000345	0.000250	-11692.765
280	6	111111	0.000360	0.000350	0.000175	0.000133	0.000344	0.000074	-11701.046
290	6	111111	0.000360	0.000360	0.000141	0.000049	0.000354	0.000311	-11692.742
300	5	111011	0.000358	0.000358	0.000111	0.000357	0.000318	-11687.730
310	6	111111	0.000413	0.000412	0.000240	0.000050	0.000399	0.000316	-11710.634
320	6	111111	0.000367	0.000366	0.000133	0.000014	0.000318	0.000232	-11694.033
330	6	111111	0.000347	0.000345	0.000202	0.000065	0.000335	0.000178	-11692.877
340	6	111111	0.000310	0.000304	0.000188	0.000052	0.000264	0.000209	-11699.191
350	6	111111	0.000367	0.000365	0.000063	0.000002	0.000350	0.000338	-11696.056
360	6	111111	0.000367	0.000358	0.000183	0.000074	0.000269	0.000177	-11703.160
370	5	111011	0.000398	0.000358	0.000139	0.000387	0.000201	-11694.550
380	5	111011	0.000408	0.000356	0.000183	0.000345	0.000296	-11687.672
390	6	111111	0.000409	0.000357	0.000183	0.000108	0.000286	0.000277	-11704.600
400	6	111111	0.000409	0.000397	0.000166	0.000086	0.000335	0.000182	-11696.877
410	6	111111	0.000493	0.000463	0.000144	0.000122	0.000467	0.000379	-11702.971
420	6	111111	0.000484	0.000477	0.000170	0.000136	0.000470	0.000334	-11708.613
430	6	111111	0.000468	0.000436	0.000267	0.000224	0.000456	0.000372	-11701.537
440	6	111111	0.000528	0.000472	0.000309	0.000095	0.000455	0.000385	-11697.307
450	6	111111	0.000414	0.000395	0.000249	0.000121	0.000393	0.000317	-11704.097
460	6	111111	0.000432	0.000430	0.000245	0.000106	0.000424	0.000384	-11709.695
470	6	111111	0.000533	0.000527	0.000286	0.000108	0.000477	0.000473	-11695.034
480	6	111111	0.000464	0.000458	0.000199	0.000084	0.000431	0.000221	-11710.969
490	6	111111	0.000529	0.000445	0.000140	0.000132	0.000492	0.000409	-11707.451
500	6	111111	0.000494	0.000407	0.000123	0.000105	0.000469	0.000306	-11704.811
510	6	111111	0.000436	0.000405	0.000171	0.000132	0.000399	0.000353	-11704.363
520	6	111111	0.000409	0.000368	0.000167	0.000148	0.000389	0.000325	-11690.389
530	6	111111	0.000506	0.000488	0.000171	0.000113	0.000438	0.000411	-11695.002
540	6	111111	0.000506	0.000433	0.000167	0.000156	0.000461	0.000411	-11702.717
550	6	111111	0.000506	0.000501	0.000171	0.000146	0.000463	0.000353	-11703.312
560	6	111111	0.000483	0.000428	0.000099	0.000061	0.000459	0.000430	-11704.512
570	6	111111	0.000579	0.000566	0.000118	0.000102	0.000565	0.000172	-11698.998
580	6	111111	0.000590	0.000520	0.000120	0.000070	0.000440	0.000412	-11702.204
590	6	111111	0.000527	0.000368	0.000122	0.000088	0.000449	0.000398	-11704.705
600	5	111011	0.000498	0.000398	0.000271	0.000454	0.000400	-11701.379
610	5	111011	0.000596	0.000528	0.000251	0.000552	0.000322	-11707.866
620	6	111111	0.000502	0.000462	0.000137	0.000004	0.000317	0.000301	-11717.320
630	6	111111	0.000543	0.000333	0.000080	0.000047	0.000388	0.000347	-11716.492
640	5	111011	0.000643	0.000383	0.000130	0.000457	0.000443	-11733.650
650	5	111011	0.000629	0.000419	0.000107	0.000409	0.000340	-11713.431
660	5	111011	0.000640	0.000524	0.000113	0.000441	0.000303	-11702.586
670	5	111011	0.000564	0.000283	0.000091	0.000443	0.000312	-11705.348
680	5	111011	0.000571	0.000451	0.000047	0.000472	0.000232	-11709.461
690	5	111011	0.000611	0.000451	0.000050	0.000576	0.000363	-11708.205
700	5	111011	0.000552	0.000460	0.000045	0.000465	0.000308	-11702.573
710	4	110011	0.000608	0.000558	0.000579	0.000172	-11696.879
720	5	111011	0.000603	0.000382	0.000008	0.000588	0.000509	-11698.021
730	5	111011	0.000676	0.000416	0.000055	0.000644	0.000527	-11701.722
740	4	110011	0.000680	0.000564	0.000614	0.000237	-11700.151
750	5	111011	0.000553	0.000326	0.000014	0.000390	0.000287	-11709.024
760	4	110011	0.000479	0.000430	0.000275	0.000168	-11704.051
770	4	110011	0.000483	0.000434	0.000352	0.000250	-11689.726
780	4	110011	0.000639	0.000574	0.000602	0.000227	-11698.428
790	4	110011	0.000641	0.000575	0.000539	0.000254	-11703.909
800	4	110011	0.000668	0.000600	0.000432	0.000340	-11698.082
810	4	110011	0.000642	0.000349	0.000520	0.000248	-11703.308
820	4	110011	0.000633	0.000397	0.000578	0.000280	-11704.705
830	4	110011	0.000675	0.000514	0.000599	0.000278	-11710.831
840	4	110011	0.000604	0.000349	0.000540	0.000384	-11703.740
850	5	111011	0.000764	0.000719	0.000007	0.000720	0.000373	-11706.989
860	5	111011	0.000738	0.000559	0.000007	0.000565	0.000304	-11705.723
870	5	111011	0.000751	0.000549	0.000007	0.000387	0.000330	-11710.106
880	5	111011	0.000948	0.000569	0.000009	0.000634	0.000307	-11705.251
890	5	111011	0.000788	0.000433	0.000006	0.000545	0.000250	-11702.345
900	5	111011	0.000979	0.000667	0.000008	0.000837	0.000588	-11706.412
910	5	111011	0.000858	0.000624	0.000007	0.000699	0.000544	-11699.614
920	5	111011	0.000816	0.000549	0.000007	0.000696	0.000623	-11719.013
930	4	110011	0.000928	0.000731	0.000816	0.000525	-11704.764
940	5	111011	0.000806	0.000575	0.000052	0.000475	0.000359	-11710.638
950	5	111011	0.000806	0.000539	0.000052	0.000537	0.000235	-11702.772
960	5	111011	0.000689	0.000581	0.000044	0.000590	0.000383	-11700.644
970	5	111011	0.000883	0.000757	0.000060	0.000802	0.000445	-11698.028
980	5	111011	0.000804	0.000685	0.000054	0.000766	0.000510	-11693.119
990	5	111011	0.000600	0.000511	0.000041	0.000575	0.000420	-11703.246
1000	6	111111	0.000517	0.000347	0.000087	0.000050	0.000295	0.000232	-11699.166
1010	6	111111	0.000519	0.000459	0.000087	0.000073	0.000476	0.000076	-11689.424
1020	6	111111	0.000643	0.000329	0.000108	0.000090	0.000580	0.000491	-11690.841
1030	6	111111	0.000477	0.000472	0.000079	0.000074	0.000360	0.000302	-11700.599
1040	6	111111	0.000468	0.000463	0.000077	0.000068	0.000376	0.000125	-11689.292
1050	6	111111	0.000513	0.000507	0.000089	0.000079	0.000219	0.000186	-11707.581
1060	6	111111	0.000529	0.000522	0.000095	0.000055	0.000295	0.000133	-11690.377
1070	4	110011	0.000518	0.000497	0.000256	0.000186	-11701.521
1080	4	110011	0.000462	0.000444	0.000230	0.000198	-11700.106
1090	4	110011	0.000509	0.000488	0.000362	0.000157	-11697.233
1100	5	111011	0.000548	0.000526	0.000081	0.000449	0.000206	-11709.873
1110	6	111111	0.000548	0.000526	0.000063	0.000060	0.000540	0.000472	-11705.914
1120	5	111011	0.000534	0.000512	0.000062	0.000478	0.000261	-11694.449
1130	5	111011	0.000518	0.000497	0.000060	0.000464	0.000279	-11695.331
1140	5	111011	0.000481	0.000461	0.000113	0.000463	0.000253	-11703.984
1150	5	111011	0.000444	0.000427	0.000190	0.000433	0.000334	-11702.261
1160	6	111111	0.000340	0.000300	0.000083	0.000055	0.000336	0.000273	-11701.132
1170	5	111011	0.000360	0.000264	0.000045	0.000324	0.000160	-11692.183
1180	5	111011	0.000391	0.000339	0.000054	0.000382	0.000179	-11689.520
1190	5	111011	0.000391	0.000362	0.000114	0.000374	0.000216	-11699.879
1200	5	111011	0.000414	0.000395	0.000088	0.000299	0.000248	-11684.027
1210	5	111011	0.000415	0.000357	0.000072	0.000352	0.000242	-11700.708
1220	4	110011	0.000379	0.000350	0.000367	0.000217	-11695.785
1230	5	111011	0.000358	0.000330	0.000002	0.000346	0.000208	-11696.858
1240	4	110011	0.000370	0.000348	0.000367	0.000218	-11684.100
1250	4	110011	0.000348	0.000321	0.000346	0.000324	-11679.299
1260	4	110011	0.000256	0.000220	0.000238	0.000211	-11685.738
1270	5	111011	0.000301	0.000272	0.000019	0.000295	0.000289	-11696.580
1280	6	111111	0.000303	0.000249	0.000054	0.000015	0.000287	0.000285	-11704.357
1290	5	111011	0.000337	0.000277	0.000091	0.000332	0.000111	-11704.982
1300	4	111010	0.000359	0.000349	0.000087	0.000310	-11702.012
1310	4	110011	0.000391	0.000380	0.000372	0.000275	-11693.337
1320	4	110011	0.000398	0.000379	0.000349	0.000086	-11687.393
1330	5	111011	0.000324	0.000247	0.000009	0.000318	0.000208	-11692.391
1340	4	110011	0.000354	0.000298	0.000345	0.000287	-11704.093
1350	4	110011	0.000354	0.000301	0.000322	0.000231	-11705.608
1360	5	111011	0.000304	0.000249	0.000034	0.000280	0.000180	-11707.845
1370	5	111011	0.000304	0.000258	0.000045	0.000160	0.000129	-11718.313
1380	6	111111	0.000402	0.000341	0.000041	0.000009	0.000286	0.000177	-11720.808
1390	6	111111	0.000343	0.000236	0.000035	0.000015	0.000240	0.000148	-11709.638
1400	5	111011	0.000356	0.000332	0.000015	0.000264	0.000226	-11697.954
1410	5	111011	0.000363	0.000347	0.000016	0.000236	0.000157	-11703.708
1420	5	111011	0.000403	0.000366	0.000025	0.000311	0.000180	-11699.336
1430	4	110011	0.000540	0.000491	0.000290	0.000266	-11699.624
1440	4	110011	0.000588	0.000423	0.000406	0.000328	-11703.172
1450	4	110011	0.000569	0.000410	0.000491	0.000487	-11701.088
1460	4	110011	0.000543	0.000478	0.000475	0.000465	-11706.772
1470	4	110011	0.000612	0.000357	0.000590	0.000569	-11710.891
1480	4	110011	0.000565	0.000256	0.000555	0.000482	-11702.348
1490	4	110011	0.000529	0.000437	0.000472	0.000466	-11706.468
1500	4	110011	0.000682	0.000445	0.000665	0.000279	-11697.752
1510	4	110011	0.000646	0.000422	0.000644	0.000501	-11699.190
1520	5	111011	0.000547	0.000466	0.000025	0.000545	0.000371	-11700.943
1530	4	110011	0.000586	0.000499	0.000516	0.000296	-11695.169
1540	4	110011	0.000611	0.000382	0.000540	0.000454	-11700.232
1550	5	111011	0.000710	0.000454	0.000034	0.000551	0.000244	-11699.018
1560	5	111011	0.000774	0.000493	0.000037	0.000520	0.000468	-11709.633
1570	5	111011	0.000730	0.000615	0.000035	0.000367	0.000314	-11694.130
1580	5	111011	0.000750	0.000653	0.000030	0.000686	0.000376	-11704.179
1590	4	110011	0.000852	0.000702	0.000688	0.000579	-11712.182
1600	4	110011	0.000675	0.000457	0.000517	0.000459	-11694.517
1610	4	110011	0.000684	0.000490	0.000519	0.000420	-11708.439
1620	4	110011	0.000658	0.000511	0.000549	0.000332	-11706.085
1630	4	110011	0.000649	0.000491	0.000552	0.000379	-11695.400
1640	4	110011	0.000544	0.000422	0.000513	0.000288	-11706.937
1650	4	110011	0.000571	0.000473	0.000436	0.000257	-11698.557
1660	4	110011	0.000564	0.000467	0.000446	0.000212	-11706.148
1670	4	110011	0.000489	0.000405	0.000438	0.000264	-11715.377
1680	4	110011	0.000572	0.000473	0.000436	0.000354	-11702.052
1690	4	110011	0.000572	0.000347	0.000456	0.000333	-11697.282
1700	5	111011	0.000566	0.000332	0.000054	0.000545	0.000306	-11700.415
1710	4	110011	0.000660	0.000329	0.000545	0.000322	-11693.959
1720	4	110011	0.000684	0.000633	0.000621	0.000416	-11704.114
1730	4	110011	0.000746	0.000691	0.000648	0.000542	-11702.944
1740	5	111011	0.000686	0.000575	0.000050	0.000595	0.000498	-11692.416
1750	4	110011	0.000623	0.000511	0.000529	0.000453	-11701.605
1760	5	111011	0.000672	0.000552	0.000072	0.000549	0.000488	-11704.478
1770	6	111111	0.000672	0.000592	0.000072	0.000044	0.000396	0.000258	-11690.832
1780	4	110011	0.000577	0.000508	0.000322	0.000176	-11695.519
1790	5	111011	0.000503	0.000443	0.000057	0.000287	0.000249	-11707.877
1800	5	111011	0.000682	0.000461	0.000175	0.000453	0.000381	-11710.404
1810	5	111011	0.000557	0.000194	0.000092	0.000492	0.000249	-11695.008
1820	5	111011	0.000646	0.000563	0.000009	0.000631	0.000532	-11696.974
1830	4	110011	0.000727	0.000320	0.000725	0.000278	-11706.196
1840	4	110011	0.000690	0.000554	0.000688	0.000548	-11701.209
1850	4	110011	0.000690	0.000341	0.000688	0.000434	-11695.231
1860	5	111011	0.000563	0.000486	0.000050	0.000557	0.000447	-11695.144
1870	5	111011	0.000647	0.000589	0.000067	0.000639	0.000476	-11704.326
1880	6	111111	0.000722	0.000614	0.000075	0.000027	0.000713	0.000543	-11700.848
1890	4	110011	0.000752	0.000639	0.000692	0.000596	-11702.536
1900	4	110011	0.000752	0.000690	0.000606	0.000420	-11702.478
1910	4	110011	0.000749	0.000687	0.000672	0.000143	-11708.577
1920	4	110011	0.000678	0.000622	0.000486	0.000385	-11711.110
1930	4	110011	0.000639	0.000406	0.000579	0.000493	-11708.106
1940	4	110011	0.000870	0.000530	0.000767	0.000439	-11703.397
1950	4	110011	0.000748	0.000469	0.000413	0.000219	-11700.760
1960	4	110011	0.000779	0.000532	0.000628	0.000483	-11707.354
1970	4	110011	0.000733	0.000669	0.000592	0.000510	-11713.884
1980	4	110011	0.000673	0.000616	0.000528	0.000469	-11713.115
1990	4	110011	0.000732	0.000670	0.000665	0.000427	-11716.214
2000	4	110011	0.000783	0.000305	0.000701	0.000631	-11708.195
2010	4	110011	0.000736	0.000515	0.000601	0.000598	-11709.283
2020	4	110011	0.000747	0.000515	0.000601	0.000598	-11703.379
2030	4	110011	0.000653	0.000398	0.000578	0.000522	-11702.659
2040	4	110011	0.000748	0.000469	0.000705	0.000471	-11705.494
2050	4	110011	0.000629	0.000400	0.000407	0.000309	-11708.582
2060	4	110011	0.000795	0.000708	0.000637	0.000339	-11703.827
2070	4	110011	0.000642	0.000408	0.000372	0.000296	-11707.742
2080	4	110011	0.000720	0.000483	0.000529	0.000316	-11708.352
2090	4	110011	0.000582	0.000404	0.000443	0.000301	-11702.392
2100	5	111011	0.000587	0.000433	0.000028	0.000385	0.000300	-11704.469
2110	4	110011	0.000530	0.000344	0.000424	0.000175	-11697.903
2120	4	110011	0.000596	0.000481	0.000535	0.000516	-11703.589
2130	4	110011	0.000479	0.000396	0.000467	0.000413	-11708.452
2140	5	111011	0.000575	0.000469	0.000068	0.000527	0.000496	-11700.950
2150	4	110011	0.000660	0.000308	0.000641	0.000569	-11697.987
2160	4	110011	0.000638	0.000329	0.000612	0.000550	-11706.255
2170	4	110011	0.000638	0.000454	0.000628	0.000550	-11694.837
2180	5	111011	0.000694	0.000493	0.000044	0.000622	0.000599	-11710.272
2190	5	111011	0.000628	0.000568	0.000076	0.000576	0.000542	-11705.168
2200	5	111011	0.000599	0.000542	0.000073	0.000584	0.000517	-11697.488
2210	4	110011	0.000561	0.000486	0.000539	0.000484	-11702.049
2220	4	110011	0.000521	0.000451	0.000485	0.000297	-11706.331
2230	4	110011	0.000491	0.000426	0.000488	0.000421	-11703.876
2240	4	110011	0.000550	0.000491	0.000528	0.000249	-11694.318
2250	4	110011	0.000553	0.000335	0.000422	0.000371	-11700.727
2260	4	110011	0.000502	0.000306	0.000460	0.000307	-11700.957
2270	5	111011	0.000664	0.000294	0.000047	0.000572	0.000365	-11698.275
2280	4	110011	0.000632	0.000329	0.000585	0.000463	-11702.053
2290	4	110011	0.000530	0.000334	0.000523	0.000422	-11693.716
2300	5	111011	0.000619	0.000533	0.000037	0.000574	0.000552	-11699.255
2310	5	111011	0.000576	0.000496	0.000036	0.000521	0.000513	-11689.079
2320	5	111011	0.000588	0.000506	0.000037	0.000531	0.000524	-11697.315
2330	5	111011	0.000551	0.000474	0.000126	0.000545	0.000491	-11702.784
2340	5	111011	0.000669	0.000504	0.000249	0.000661	0.000311	-11691.559
2350	5	111011	0.000586	0.000461	0.000294	0.000579	0.000452	-11703.819
2360	5	111011	0.000518	0.000450	0.000253	0.000512	0.000271	-11692.685
2370	5	111011	0.000559	0.000481	0.000068	0.000544	0.000444	-11695.505
2380	5	111011	0.000474	0.000396	0.000119	0.000402	0.000193	-11687.703
2390	6	111111	0.000495	0.000416	0.000124	0.000081	0.000412	0.000307	-11697.315
2400	6	111111	0.000418	0.000367	0.000105	0.000009	0.000398	0.000172	-11692.092
2410	5	111011	0.000543	0.000464	0.000266	0.000516	0.000267	-11696.615
2420	5	111011	0.000453	0.000370	0.000087	0.000427	0.000271	-11704.845
2430	6	111111	0.000495	0.000385	0.000081	0.000001	0.000450	0.000369	-11696.660
2440	5	111011	0.000464	0.000341	0.000040	0.000442	0.000270	-11698.538
2450	5	111011	0.000482	0.000367	0.000003	0.000312	0.000285	-11707.336
2460	4	110011	0.000556	0.000423	0.000312	0.000167	-11695.278
2470	4	110011	0.000539	0.000504	0.000385	0.000250	-11697.696
2480	5	111011	0.000582	0.000544	0.000007	0.000444	0.000370	-11704.384
2490	5	111011	0.000574	0.000536	0.000027	0.000512	0.000422	-11696.473
2500	5	111011	0.000574	0.000536	0.000011	0.000484	0.000422	-11702.033
2510	6	111111	0.000580	0.000389	0.000036	0.000010	0.000480	0.000426	-11700.442
2520	6	111111	0.000542	0.000282	0.000052	0.000019	0.000370	0.000276	-11697.609
2530	4	110011	0.000737	0.000605	0.000487	0.000396	-11689.722
2540	4	110011	0.000641	0.000512	0.000615	0.000327	-11693.392
2550	5	111011	0.000735	0.000588	0.000032	0.000623	0.000436	-11713.565
2560	4	110011	0.000532	0.000479	0.000451	0.000113	-11708.785
2570	4	110011	0.000735	0.000637	0.000638	0.000335	-11697.326
2580	5	111011	0.000841	0.000270	0.000045	0.000802	0.000417	-11700.719
2590	4	110011	0.000543	0.000236	0.000537	0.000451	-11690.170
2600	4	110011	0.000507	0.000433	0.000465	0.000442	-11706.530
2610	4	110011	0.000609	0.000521	0.000557	0.000500	-11699.845
2620	4	110011	0.000621	0.000531	0.000593	0.000509	-11711.258
2630	4	110011	0.000675	0.000460	0.000515	0.000459	-11704.949
2640	4	110011	0.000530	0.000418	0.000414	0.000124	-11697.715
2650	4	110011	0.000530	0.000166	0.000468	0.000347	-11713.154
2660	4	110011	0.000538	0.000311	0.000496	0.000303	-11701.329
2670	5	111011	0.000476	0.000396	0.000010	0.000430	0.000386	-11698.352
2680	4	110011	0.000489	0.000462	0.000478	0.000179	-11715.706
2690	4	110011	0.000621	0.000586	0.000581	0.000553	-11703.107
2700	4	110011	0.000589	0.000556	0.000573	0.000525	-11700.850
2710	4	110011	0.000510	0.000481	0.000482	0.000454	-11707.622
2720	4	110011	0.000553	0.000522	0.000454	0.000143	-11701.485
2730	4	110011	0.000472	0.000446	0.000455	0.000296	-11712.289
2740	5	111011	0.000524	0.000479	0.000006	0.000438	0.000134	-11694.266
2750	5	111011	0.000488	0.000446	0.000005	0.000479	0.000319	-11700.388
2760	4	110011	0.000553	0.000505	0.000540	0.000297	-11690.106
2770	4	110011	0.000495	0.000453	0.000489	0.000236	-11713.105
2780	5	111011	0.000565	0.000516	0.000039	0.000535	0.000531	-11701.241
2790	5	111011	0.000606	0.000554	0.000042	0.000570	0.000560	-11699.795
2800	5	111011	0.000550	0.000503	0.000038	0.000456	0.000387	-11711.967
2810	5	111011	0.000462	0.000352	0.000194	0.000281	0.000271	-11700.755
2820	5	111011	0.000525	0.000431	0.000088	0.000402	0.000239	-11697.128
2830	6	111111	0.000586	0.000442	0.000094	0.000069	0.000561	0.000310	-11704.524
2840	6	111111	0.000504	0.000442	0.000208	0.000065	0.000485	0.000375	-11691.363
2850	6	111111	0.000504	0.000468	0.000202	0.000174	0.000472	0.000305	-11694.602
2860	6	111111	0.000393	0.000380	0.000158	0.000058	0.000383	0.000244	-11698.039
2870	6	111111	0.000401	0.000371	0.000172	0.000100	0.000348	0.000204	-11700.581
2880	6	111111	0.000499	0.000462	0.000205	0.000064	0.000492	0.000315	-11697.863
2890	5	111011	0.000416	0.000358	0.000196	0.000390	0.000275	-11695.634
2900	5	111011	0.000503	0.000431	0.000312	0.000489	0.000429	-11692.274
2910	6	111111	0.000525	0.000485	0.000393	0.000042	0.000494	0.000248	-11713.471
2920	5	111011	0.000541	0.000424	0.000105	0.000521	0.000469	-11700.309
2930	6	111111	0.000481	0.000282	0.000120	0.000018	0.000452	0.000432	-11694.761
2940	5	111011	0.000558	0.000410	0.000175	0.000547	0.000535	-11706.369
2950	5	111011	0.000495	0.000392	0.000142	0.000476	0.000474	-11703.224
2960	5	111011	0.000575	0.000403	0.000159	0.000538	0.000450	-11710.367
2970	6	111111	0.000529	0.000373	0.000094	0.000057	0.000461	0.000309	-11717.981
2980	6	111111	0.000569	0.000354	0.000175	0.000067	0.000529	0.000378	-11706.792
2990	6	111111	0.000543	0.000382	0.000161	0.000075	0.000526	0.000452	-11702.847
3000	6	111111	0.000543	0.000475	0.000161	0.000088	0.000542	0.000508	-11696.535
3010	6	111111	0.000481	0.000391	0.000115	0.000031	0.000479	0.000450	-11711.224
3020	5	111011	0.000555	0.000283	0.000188	0.000541	0.000519	-11697.878
3030	5	111011	0.000504	0.000263	0.000091	0.000489	0.000471	-11699.709
3040	6	111111	0.000594	0.000213	0.000092	0.000061	0.000575	0.000556	-11691.725
3050	6	111111	0.000594	0.000386	0.000073	0.000071	0.000567	0.000556	-11687.024
3060	6	111111	0.000586	0.000579	0.000072	0.000057	0.000574	0.000556	-11705.897
3070	6	111111	0.000571	0.000564	0.000070	0.000036	0.000571	0.000542	-11714.990
3080	6	111111	0.000571	0.000564	0.000070	0.000063	0.000566	0.000542	-11715.849
3090	4	110011	0.000518	0.000511	0.000476	0.000153	-11713.963
3100	4	110011	0.000587	0.000579	0.000516	0.000333	-11713.019
3110	4	110011	0.000604	0.000596	0.000516	0.000496	-11700.143
3120	4	110011	0.000553	0.000546	0.000531	0.000461	-11718.364
3130	5	111011	0.000451	0.000446	0.000092	0.000425	0.000387	-11710.564
3140	4	110011	0.000545	0.000503	0.000458	0.000253	-11702.133
3150	4	110011	0.000601	0.000555	0.000561	0.000289	-11707.521
3160	4	110011	0.000568	0.000525	0.000377	0.000296	-11702.263
3170	4	110011	0.000726	0.000522	0.000555	0.000295	-11707.257
3180	4	110011	0.000585	0.000406	0.000443	0.000282	-11709.734
3190	4	110011	0.000755	0.000654	0.000647	0.000555	-11701.287
3200	4	110011	0.000703	0.000611	0.000403	0.000340	-11703.838
3210	4	110011	0.000621	0.000539	0.000468	0.000286	-11696.638
3220	4	110011	0.000611	0.000530	0.000516	0.000167	-11699.833
3230	4	110011	0.000636	0.000552	0.000502	0.000457	-11708.636
3240	5	111011	0.000682	0.000420	0.000022	0.000558	0.000445	-11695.615
3250	6	111111	0.000600	0.000354	0.000020	0.000009	0.000527	0.000352	-11708.289
3260	5	111011	0.000604	0.000360	0.000020	0.000563	0.000369	-11706.025
3270	4	110011	0.000678	0.000483	0.000562	0.000383	-11714.754
3280	4	110011	0.000623	0.000416	0.000547	0.000490	-11704.894
3290	4	110011	0.000509	0.000340	0.000483	0.000445	-11711.639
3300	4	110011	0.000513	0.000393	0.000504	0.000447	-11692.004
3310	4	110011	0.000690	0.000588	0.000660	0.000602	-11710.417
3320	4	110011	0.000597	0.000508	0.000594	0.000521	-11708.649
3330	4	110011	0.000597	0.000508	0.000586	0.000521	-11703.039
3340	5	111011	0.000707	0.000540	0.000012	0.000697	0.000505	-11705.264
3350	5	111011	0.000650	0.000496	0.000022	0.000648	0.000467	-11706.309
3360	5	111011	0.000512	0.000284	0.000152	0.000511	0.000349	-11703.467
3370	6	111111	0.000589	0.000432	0.000067	0.000026	0.000587	0.000327	-11704.218
3380	6	111111	0.000510	0.000408	0.000058	0.000017	0.000461	0.000410	-11697.601
3390	6	111111	0.000597	0.000483	0.000107	0.000032	0.000559	0.000502	-11694.624
3400	6	111111	0.000541	0.000348	0.000151	0.000103	0.000534	0.000474	-11706.924
3410	6	111111	0.000586	0.000473	0.000213	0.000097	0.000555	0.000513	-11699.058
3420	6	111111	0.000492	0.000468	0.000191	0.000080	0.000483	0.000431	-11711.063
3430	6	111111	0.000537	0.000480	0.000209	0.000193	0.000506	0.000417	-11696.565
3440	6	111111	0.000583	0.000375	0.000260	0.000201	0.000469	0.000452	-11708.170
3450	6	111111	0.000565	0.000338	0.000308	0.000193	0.000444	0.000438	-11710.461
3460	6	111111	0.000674	0.000385	0.000358	0.000108	0.000577	0.000355	-11691.374
3470	6	111111	0.000694	0.000393	0.000348	0.000076	0.000641	0.000568	-11695.324
3480	6	111111	0.000656	0.000440	0.000305	0.000195	0.000650	0.000098	-11691.776
3490	6	111111	0.000656	0.000555	0.000206	0.000170	0.000602	0.000512	-11698.414
3500	6	111111	0.000554	0.000483	0.000127	0.000090	0.000515	0.000432	-11706.194
3510	6	111111	0.000549	0.000419	0.000313	0.000175	0.000387	0.000246	-11701.872
3520	6	111111	0.000412	0.000384	0.000234	0.000154	0.000217	0.000172	-11703.758
3530	6	111111	0.000412	0.000400	0.000156	0.000058	0.000325	0.000307	-11698.860
3540	6	111111	0.000505	0.000490	0.000089	0.000067	0.000478	0.000401	-11697.745
3550	6	111111	0.000492	0.000478	0.000075	0.000047	0.000448	0.000327	-11702.229
3560	6	111111	0.000500	0.000486	0.000191	0.000112	0.000472	0.000133	-11713.740
3570	6	111111	0.000657	0.000638	0.000324	0.000091	0.000617	0.000382	-11706.786
3580	6	111111	0.000663	0.000618	0.000188	0.000150	0.000498	0.000373	-11700.704
3590	6	111111	0.000625	0.000521	0.000172	0.000092	0.000593	0.000329	-11696.871
3600	6	111111	0.000648	0.000387	0.000372	0.000087	0.000584	0.000470	-11701.898
3610	6	111111	0.000579	0.000334	0.000234	0.000032	0.000404	0.000267	-11717.770
3620	6	111111	0.000579	0.000348	0.000264	0.000139	0.000342	0.000261	-11704.374
3630	6	111111	0.000579	0.000466	0.000148	0.000100	0.000379	0.000300	-11704.644
3640	6	111111	0.000579	0.000422	0.000165	0.000103	0.000547	0.000382	-11704.652
3650	6	111111	0.000647	0.000469	0.000158	0.000123	0.000590	0.000475	-11702.057
3660	6	111111	0.000664	0.000550	0.000246	0.000186	0.000540	0.000438	-11702.259
3670	6	111111	0.000602	0.000568	0.000172	0.000119	0.000490	0.000230	-11703.755
3680	6	111111	0.000553	0.000521	0.000158	0.000136	0.000440	0.000342	-11711.829
3690	6	111111	0.000553	0.000466	0.000159	0.000130	0.000418	0.000319	-11713.708
3700	6	111111	0.000671	0.000616	0.000117	0.000077	0.000527	0.000496	-11714.984
3710	5	111011	0.000585	0.000538	0.000102	0.000491	0.000432	-11701.992
3720	6	111111	0.000492	0.000408	0.000086	0.000018	0.000439	0.000376	-11712.249
3730	6	111111	0.000635	0.000526	0.000110	0.000093	0.000507	0.000189	-11695.043
3740	6	111111	0.000637	0.000450	0.000111	0.000078	0.000609	0.000395	-11715.609
3750	6	111111	0.000815	0.000700	0.000142	0.000085	0.000798	0.000506	-11716.946
3760	6	111111	0.000653	0.000520	0.000114	0.000098	0.000590	0.000558	-11696.977
3770	6	111111	0.000934	0.000791	0.000163	0.000154	0.000884	0.000798	-11712.791
3780	6	111111	0.000790	0.000669	0.000138	0.000098	0.000616	0.000361	-11699.102
3790	6	111111	0.000776	0.000683	0.000135	0.000127	0.000723	0.000494	-11704.824
3800	6	111111	0.000846	0.000625	0.000147	0.000123	0.000793	0.000539	-11695.246
3810	6	111111	0.000762	0.000614	0.000214	0.000070	0.000740	0.000405	-11713.971
3820	6	111111	0.000724	0.000563	0.000203	0.000090	0.000716	0.000163	-11697.498
3830	6	111111	0.000684	0.000552	0.000218	0.000169	0.000677	0.000376	-11711.646
3840	6	111111	0.000679	0.000378	0.000216	0.000206	0.000653	0.000236	-11708.669
3850	6	111111	0.000679	0.000507	0.000277	0.000207	0.000623	0.000519	-11702.345
3860	6	111111	0.000776	0.000392	0.000291	0.000282	0.000714	0.000482	-11700.456
3870	6	111111	0.000634	0.000453	0.000241	0.000200	0.000588	0.000329	-11696.729
3880	6	111111	0.000615	0.000387	0.000232	0.000128	0.000571	0.000083	-11686.702
3890	6	111111	0.000669	0.000489	0.000323	0.000165	0.000646	0.000488	-11695.061
3900	6	111111	0.000693	0.000558	0.000137	0.000119	0.000669	0.000492	-11697.552
3910	6	111111	0.000586	0.000201	0.000077	0.000060	0.000542	0.000333	-11710.183
3920	6	111111	0.000612	0.000546	0.000081	0.000079	0.000472	0.000439	-11708.027
3930	6	111111	0.000549	0.000392	0.000072	0.000057	0.000535	0.000298	-11710.354
3940	6	111111	0.000492	0.000418	0.000065	0.000035	0.000285	0.000195	-11710.700
3950	6	111111	0.000401	0.000340	0.000158	0.000074	0.000377	0.000340	-11706.061
3960	6	111111	0.000559	0.000502	0.000210	0.000058	0.000526	0.000474	-11700.241
3970	6	111111	0.000567	0.000421	0.000195	0.000184	0.000560	0.000436	-11708.734
3980	6	111111	0.000438	0.000406	0.000162	0.000160	0.000413	0.000403	-11720.599
3990	6	111111	0.000551	0.000368	0.000168	0.000162	0.000545	0.000507	-11696.375
4000	6	111111	0.000440	0.000334	0.000193	0.000130	0.000423	0.000405	-11703.961
4010	6	111111	0.000440	0.000240	0.000144	0.000142	0.000436	0.000363	-11696.787
4020	6	111111	0.000425	0.000243	0.000139	0.000137	0.000401	0.000245	-11703.285
4030	6	111111	0.000471	0.000323	0.000154	0.000152	0.000384	0.000348	-11714.584
4040	6	111111	0.000555	0.000426	0.000182	0.000180	0.000491	0.000295	-11703.012
4050	6	111111	0.000592	0.000393	0.000295	0.000170	0.000584	0.000490	-11717.976
4060	6	111111	0.000563	0.000431	0.000163	0.000098	0.000489	0.000466	-11706.707
4070	6	111111	0.000563	0.000533	0.000182	0.000138	0.000490	0.000459	-11699.629
4080	6	111111	0.000682	0.000646	0.000179	0.000071	0.000609	0.000546	-11700.272
4090	6	111111	0.000426	0.000400	0.000106	0.000074	0.000394	0.000292	-11711.475
4100	5	111011	0.000449	0.000352	0.000135	0.000407	0.000267	-11703.570
4110	6	111111	0.000525	0.000514	0.000152	0.000020	0.000486	0.000372	-11713.733
4120	6	111111	0.000543	0.000531	0.000070	0.000039	0.000303	0.000129	-11693.424
4130	6	111111	0.000509	0.000498	0.000065	0.000023	0.000359	0.000204	-11700.563
4140	5	111011	0.000557	0.000507	0.000112	0.000527	0.000451	-11696.596
4150	6	111111	0.000521	0.000483	0.000349	0.000032	0.000457	0.000220	-11701.731
4160	5	111011	0.000437	0.000369	0.000111	0.000420	0.000388	-11705.052
4170	6	111111	0.000532	0.000430	0.000251	0.000108	0.000499	0.000473	-11705.620
4180	6	111111	0.000541	0.000511	0.000226	0.000079	0.000401	0.000265	-11697.029
4190	6	111111	0.000597	0.000515	0.000172	0.000117	0.000380	0.000377	-11712.070
4200	6	111111	0.000525	0.000427	0.000232	0.000221	0.000334	0.000331	-11707.268
4210	6	111111	0.000534	0.000468	0.000297	0.000063	0.000529	0.000159	-11698.440
4220	6	111111	0.000490	0.000382	0.000217	0.000090	0.000481	0.000325	-11698.392
4230	6	111111	0.000505	0.000390	0.000164	0.000096	0.000454	0.000390	-11703.634
4240	6	111111	0.000577	0.000507	0.000173	0.000127	0.000406	0.000354	-11698.139
4250	5	111011	0.000579	0.000532	0.000402	0.000496	0.000186	-11702.265
4260	5	111011	0.000565	0.000482	0.000351	0.000501	0.000128	-11697.298
4270	5	111011	0.000590	0.000497	0.000137	0.000430	0.000369	-11704.817
4280	5	111011	0.000468	0.000447	0.000115	0.000384	0.000321	-11703.085
4290	5	111011	0.000446	0.000426	0.000112	0.000411	0.000281	-11704.156
4300	5	111011	0.000561	0.000502	0.000091	0.000450	0.000360	-11701.813
4310	4	110011	0.000466	0.000431	0.000386	0.000382	-11702.401
4320	4	110011	0.000384	0.000300	0.000301	0.000262	-11696.998
4330	4	110011	0.000438	0.000377	0.000380	0.000239	-11696.395
4340	4	110011	0.000467	0.000429	0.000248	0.000099	-11703.809
4350	4	110011	0.000441	0.000383	0.000352	0.000230	-11696.964
4360	4	110011	0.000463	0.000402	0.000197	0.000197	-11695.360
4370	5	111011	0.000463	0.000402	0.000032	0.000197	0.000184	-11682.797
4380	4	110011	0.000463	0.000402	0.000370	0.000250	-11692.180
4390	4	110011	0.000465	0.000393	0.000405	0.000257	-11695.272
4400	4	110011	0.000405	0.000381	0.000263	0.000167	-11704.200
4410	4	110011	0.000362	0.000348	0.000290	0.000093	-11708.958
4420	5	111011	0.000491	0.000471	0.000037	0.000382	0.000213	-11695.779
4430	6	111111	0.000546	0.000524	0.000062	0.000044	0.000420	0.000279	-11695.411
4440	5	111011	0.000538	0.000516	0.000036	0.000484	0.000440	-11697.958
4450	5	111011	0.000528	0.000479	0.000092	0.000516	0.000237	-11694.534
4460	6	111111	0.000527	0.000422	0.000092	0.000044	0.000512	0.000398	-11703.457
4470	5	111011	0.000599	0.000571	0.000262	0.000586	0.000348	-11693.726
4480	6	111111	0.000521	0.000475	0.000218	0.000034	0.000521	0.000447	-11694.236
4490	5	111011	0.000554	0.000526	0.000186	0.000553	0.000330	-11699.893
4500	5	111011	0.000554	0.000536	0.000186	0.000553	0.000135	-11698.873
4510	5	111011	0.000588	0.000568	0.000223	0.000587	0.000365	-11706.042
4520	6	111111	0.000418	0.000404	0.000108	0.000009	0.000417	0.000262	-11692.457
4530	6	111111	0.000511	0.000461	0.000115	0.000066	0.000511	0.000474	-11704.516
4540	5	111011	0.000545	0.000322	0.000100	0.000540	0.000504	-11691.494
4550	5	111011	0.000602	0.000245	0.000063	0.000586	0.000558	-11685.552
4560	6	111111	0.000559	0.000446	0.000131	0.000077	0.000552	0.000337	-11692.740
4570	6	111111	0.000631	0.000397	0.000091	0.000080	0.000622	0.000215	-11698.598
4580	6	111111	0.000564	0.000466	0.000081	0.000029	0.000470	0.000278	-11694.663
4590	6	111111	0.000687	0.000515	0.000099	0.000077	0.000645	0.000276	-11713.994
4600	5	111011	0.000627	0.000538	0.000042	0.000577	0.000470	-11696.863
4610	6	111111	0.000608	0.000521	0.000041	0.000028	0.000497	0.000278	-11696.465
4620	6	111111	0.000655	0.000334	0.000044	0.000042	0.000613	0.000410	-11696.854
4630	6	111111	0.000614	0.000421	0.000042	0.000034	0.000559	0.000399	-11699.573
4640	6	111111	0.000645	0.000570	0.000041	0.000001	0.000465	0.000419	-11686.440
4650	5	111011	0.000754	0.000667	0.000048	0.000524	0.000354	-11699.882
4660	5	111011	0.000847	0.000749	0.000054	0.000476	0.000178	-11692.326
4670	6	111111	0.000713	0.000450	0.000065	0.000037	0.000698	0.000473	-11693.150
4680	6	111111	0.000696	0.000441	0.000096	0.000058	0.000654	0.000197	-11697.897
4690	6	111111	0.000626	0.000242	0.000121	0.000040	0.000595	0.000125	-11694.316
4700	6	111111	0.000589	0.000279	0.000065	0.000032	0.000554	0.000400	-11692.759
4710	6	111111	0.000623	0.000189	0.000069	0.000031	0.000576	0.000540	-11700.738
4720	6	111111	0.000692	0.000209	0.000108	0.000028	0.000667	0.000599	-11709.791
4730	6	111111	0.000572	0.000178	0.000156	0.000025	0.000560	0.000393	-11712.438
4740	6	111111	0.000480	0.000222	0.000149	0.000004	0.000472	0.000344	-11700.807
4750	5	111011	0.000537	0.000258	0.000171	0.000523	0.000385	-11722.315
4760	5	111011	0.000469	0.000402	0.000142	0.000431	0.000431	-11701.747
4770	6	111111	0.000553	0.000423	0.000062	0.000014	0.000499	0.000198	-11693.859
4780	5	111011	0.000600	0.000476	0.000023	0.000531	0.000364	-11693.301
4790	5	111011	0.000598	0.000460	0.000022	0.000574	0.000315	-11697.925
4800	5	111011	0.000589	0.000453	0.000068	0.000586	0.000339	-11693.190
4810	5	111011	0.000656	0.000505	0.000056	0.000653	0.000527	-11718.070
4820	5	111011	0.000656	0.000461	0.000063	0.000623	0.000527	-11712.963
4830	5	111011	0.000565	0.000483	0.000047	0.000530	0.000288	-11704.131
4840	5	111011	0.000452	0.000386	0.000039	0.000435	0.000323	-11699.095
4850	5	111011	0.000557	0.000438	0.000048	0.000433	0.000427	-11701.697
4860	5	111011	0.000605	0.000537	0.000052	0.000490	0.000464	-11693.304
4870	6	111111	0.000506	0.000396	0.000159	0.000058	0.000372	0.000252	-11701.356
4880	6	111111	0.000533	0.000422	0.000201	0.000093	0.000246	0.000129	-11703.000
4890	6	111111	0.000595	0.000488	0.000166	0.000050	0.000241	0.000146	-11699.992
4900	5	111011	0.000504	0.000389	0.000141	0.000204	0.000203	-11716.369
4910	5	111011	0.000654	0.000564	0.000183	0.000265	0.000105	-11706.189
4920	5	111011	0.000587	0.000472	0.000124	0.000235	0.000190	-11709.283
4930	5	111011	0.000479	0.000445	0.000139	0.000359	0.000353	-11694.801
4940	5	111011	0.000392	0.000310	0.000213	0.000353	0.000289	-11711.508
4950	5	111011	0.000474	0.000312	0.000092	0.000433	0.000205	-11705.567
4960	6	111111	0.000543	0.000492	0.000147	0.000050	0.000534	0.000464	-11702.459
4970	5	111011	0.000536	0.000458	0.000143	0.000477	0.000322	-11687.825
4980	6	111111	0.000516	0.000509	0.000338	0.000219	0.000499	0.000473	-11689.807
4990	5	111011	0.000587	0.000564	0.000257	0.000558	0.000538	-11706.326
5000	6	111111	0.000516	0.000507	0.000226	0.000206	0.000474	0.000473	-11705.875
5010	6	111111	0.000565	0.000518	0.000137	0.000089	0.000518	0.000518	-11701.472
5020	6	111111	0.000605	0.000555	0.000182	0.000071	0.000569	0.000555	-11700.871
5030	6	111111	0.000599	0.000572	0.000196	0.000102	0.000597	0.000549	-11701.539
5040	6	111111	0.000531	0.000468	0.000213	0.000126	0.000525	0.000487	-11695.254
5050	5	111011	0.000602	0.000485	0.000254	0.000592	0.000552	-11707.727
5060	6	111111	0.000647	0.000637	0.000149	0.000055	0.000603	0.000593	-11697.186
5070	6	111111	0.000633	0.000573	0.000175	0.000106	0.000629	0.000581	-11690.246
5080	6	111111	0.000644	0.000535	0.000151	0.000090	0.000633	0.000376	-11694.477
5090	5	111011	0.000660	0.000404	0.000187	0.000641	0.000486	-11701.337
5100	6	111111	0.000542	0.000372	0.000120	0.000049	0.000533	0.000351	-11699.716
5110	6	111111	0.000597	0.000452	0.000102	0.000054	0.000587	0.000578	-11706.595
5120	6	111111	0.000557	0.000497	0.000159	0.000087	0.000545	0.000539	-11699.948
5130	6	111111	0.000586	0.000448	0.000161	0.000073	0.000570	0.000567	-11716.588
5140	6	111111	0.000586	0.000493	0.000181	0.000117	0.000584	0.000567	-11703.418
5150	5	111011	0.000503	0.000262	0.000075	0.000496	0.000486	-11689.034
5160	6	111111	0.000501	0.000365	0.000064	0.000015	0.000485	0.000485	-11700.229
5170	5	111011	0.000423	0.000410	0.000054	0.000415	0.000409	-11693.407
5180	4	110011	0.000447	0.000398	0.000434	0.000346	-11686.587
5190	4	110011	0.000468	0.000407	0.000389	0.000362	-11690.730
5200	5	111011	0.000440	0.000383	0.000053	0.000389	0.000360	-11692.037
5210	5	111011	0.000549	0.000522	0.000048	0.000511	0.000488	-11696.744
5220	5	111011	0.000468	0.000446	0.000019	0.000432	0.000416	-11700.109
5230	4	110011	0.000514	0.000335	0.000479	0.000475	-11708.127
5240	5	111011	0.000509	0.000435	0.000051	0.000488	0.000470	-11713.618
5250	6	111111	0.000484	0.000406	0.000130	0.000060	0.000473	0.000175	-11705.168
5260	6	111111	0.000429	0.000332	0.000129	0.000059	0.000419	0.000237	-11706.863
5270	6	111111	0.000499	0.000439	0.000156	0.000099	0.000485	0.000315	-11707.332
5280	6	111111	0.000495	0.000410	0.000097	0.000079	0.000482	0.000300	-11709.050
5290	6	111111	0.000449	0.000367	0.000146	0.000089	0.000435	0.000260	-11696.036
5300	6	111111	0.000525	0.000498	0.000144	0.000128	0.000472	0.000399	-11709.850
5310	6	111111	0.000545	0.000530	0.000389	0.000190	0.000486	0.000342	-11702.913
5320	6	111111	0.000481	0.000454	0.000361	0.000146	0.000393	0.000313	-11695.383
5330	6	111111	0.000454	0.000380	0.000195	0.000182	0.000375	0.000146	-11707.198
5340	6	111111	0.000413	0.000393	0.000268	0.000131	0.000317	0.000194	-11703.653
5350	6	111111	0.000508	0.000503	0.000212	0.000179	0.000462	0.000286	-11694.538
5360	6	111111	0.000508	0.000496	0.000138	0.000058	0.000459	0.000356	-11690.356
5370	6	111111	0.000564	0.000458	0.000177	0.000057	0.000397	0.000307	-11689.401
5380	6	111111	0.000558	0.000536	0.000231	0.000186	0.000387	0.000353	-11701.594
5390	6	111111	0.000485	0.000465	0.000205	0.000150	0.000452	0.000254	-11711.831
5400	6	111111	0.000530	0.000520	0.000347	0.000165	0.000480	0.000325	-11706.325
5410	6	111111	0.000588	0.000504	0.000132	0.000106	0.000441	0.000341	-11708.703
5420	5	111011	0.000506	0.000261	0.000136	0.000392	0.000375	-11696.707
5430	5	111011	0.000502	0.000379	0.000158	0.000408	0.000399	-11695.904
5440	6	111111	0.000512	0.000494	0.000196	0.000121	0.000502	0.000374	-11692.101
5450	6	111111	0.000422	0.000378	0.000194	0.000150	0.000360	0.000173	-11708.037
5460	6	111111	0.000422	0.000414	0.000210	0.000185	0.000413	0.000175	-11702.863
5470	6	111111	0.000570	0.000557	0.000268	0.000248	0.000471	0.000208	-11694.651
5480	6	111111	0.000446	0.000390	0.000212	0.000178	0.000299	0.000290	-11711.240
5490	6	111111	0.000466	0.000424	0.000251	0.000232	0.000334	0.000308	-11701.224
5500	6	111111	0.000481	0.000433	0.000348	0.000249	0.000333	0.000328	-11699.192
5510	6	111111	0.000556	0.000534	0.000373	0.000172	0.000253	0.000220	-11692.501
5520	6	111111	0.000478	0.000471	0.000141	0.000115	0.000218	0.000183	-11698.983
5530	6	111111	0.000489	0.000487	0.000144	0.000139	0.000358	0.000175	-11699.267
5540	6	111111	0.000525	0.000489	0.000163	0.000149	0.000395	0.000218	-11700.757
5550	6	111111	0.000702	0.000660	0.000279	0.000220	0.000631	0.000212	-11702.500
5560	6	111111	0.000574	0.000418	0.000193	0.000140	0.000554	0.000246	-11698.382
5570	6	111111	0.000481	0.000394	0.000176	0.000117	0.000464	0.000196	-11699.999
5580	6	111111	0.000528	0.000457	0.000181	0.000135	0.000519	0.000160	-11691.953
5590	6	111111	0.000528	0.000457	0.000182	0.000175	0.000479	0.000409	-11702.828
5600	6	111111	0.000472	0.000379	0.000163	0.000146	0.000423	0.000379	-11700.491
5610	6	111111	0.000471	0.000439	0.000215	0.000106	0.000456	0.000364	-11698.904
5620	6	111111	0.000486	0.000419	0.000256	0.000039	0.000486	0.000456	-11690.430
5630	6	111111	0.000448	0.000369	0.000082	0.000081	0.000416	0.000318	-11702.327
5640	6	111111	0.000447	0.000368	0.000092	0.000049	0.000354	0.000297	-11709.857
5650	6	111111	0.000448	0.000351	0.000103	0.000084	0.000394	0.000332	-11696.541
5660	6	111111	0.000404	0.000347	0.000140	0.000103	0.000388	0.000286	-11706.807
5670	5	111011	0.000404	0.000355	0.000123	0.000350	0.000219	-11699.954
5680	5	111011	0.000404	0.000389	0.000091	0.000321	0.000306	-11711.603
5690	5	111011	0.000449	0.000407	0.000077	0.000395	0.000151	-11694.607
5700	6	111111	0.000447	0.000406	0.000063	0.000001	0.000434	0.000136	-11691.856
5710	5	111011	0.000434	0.000416	0.000061	0.000406	0.000229	-11695.113
5720	6	111111	0.000530	0.000506	0.000081	0.000036	0.000352	0.000212	-11694.063
5730	5	111011	0.000477	0.000402	0.000067	0.000435	0.000343	-11688.761
5740	6	111111	0.000484	0.000277	0.000065	0.000059	0.000355	0.000243	-11691.622
5750	6	111111	0.000440	0.000384	0.000059	0.000054	0.000232	0.000206	-11689.547
5760	6	111111	0.000474	0.000468	0.000120	0.000065	0.000406	0.000352	-11691.024
5770	6	111111	0.000444	0.000432	0.000274	0.000140	0.000435	0.000303	-11693.263
5780	6	111111	0.000578	0.000570	0.000382	0.000153	0.000439	0.000394	-11706.447
5790	6	111111	0.000424	0.000412	0.000268	0.000142	0.000323	0.000214	-11698.838
5800	6	111111	0.000519	0.000496	0.000247	0.000199	0.000499	0.000487	-11700.751
5810	6	111111	0.000519	0.000490	0.000236	0.000104	0.000488	0.000322	-11717.625
5820	6	111111	0.000545	0.000535	0.000242	0.000191	0.000499	0.000260	-11699.419
5830	6	111111	0.000633	0.000609	0.000236	0.000042	0.000624	0.000487	-11705.424
5840	6	111111	0.000649	0.000496	0.000285	0.000210	0.000621	0.000556	-11701.140
5850	6	111111	0.000612	0.000468	0.000262	0.000186	0.000584	0.000362	-11700.082
5860	6	111111	0.000653	0.000587	0.000247	0.000209	0.000649	0.000526	-11699.101
5870	6	111111	0.000653	0.000478	0.000226	0.000133	0.000500	0.000210	-11693.033
5880	6	111111	0.000618	0.000260	0.000197	0.000107	0.000518	0.000319	-11699.887
5890	6	111111	0.000618	0.000465	0.000175	0.000120	0.000521	0.000384	-11696.858
5900	6	111111	0.000434	0.000225	0.000143	0.000135	0.000394	0.000270	-11708.658
5910	6	111111	0.000488	0.000394	0.000186	0.000105	0.000429	0.000422	-11693.383
5920	6	111111	0.000511	0.000371	0.000189	0.000071	0.000473	0.000189	-11704.651
5930	6	111111	0.000537	0.000479	0.000185	0.000113	0.000409	0.000201	-11704.112
5940	6	111111	0.000572	0.000529	0.000424	0.000242	0.000507	0.000264	-11698.393
5950	6	111111	0.000511	0.000400	0.000226	0.000154	0.000439	0.000227	-11712.042
5960	6	111111	0.000577	0.000499	0.000244	0.000195	0.000473	0.000313	-11699.057
5970	6	111111	0.000549	0.000462	0.000274	0.000084	0.000546	0.000519	-11694.447
5980	6	111111	0.000507	0.000444	0.000206	0.000190	0.000502	0.000479	-11698.642
5990	6	111111	0.000510	0.000445	0.000221	0.000199	0.000494	0.000201	-11692.658
6000	6	111111	0.000633	0.000567	0.000270	0.000042	0.000595	0.000361	-11695.799
6010	5	111011	0.000587	0.000521	0.000051	0.000504	0.000249	-11701.992
6020	4	110011	0.000587	0.000527	0.000483	0.000342	-11689.043
6030	4	110011	0.000677	0.000607	0.000518	0.000226	-11697.714
6040	4	110011	0.000580	0.000521	0.000571	0.000410	-11696.185
6050	4	110011	0.000834	0.000525	0.000820	0.000657	-11693.646
6060	4	110011	0.000651	0.000563	0.000622	0.000228	-11697.219
6070	4	110011	0.000651	0.000563	0.000601	0.000512	-11702.910
6080	4	110011	0.000592	0.000512	0.000517	0.000455	-11701.776
6090	4	110011	0.000625	0.000482	0.000558	0.000453	-11703.549
6100	4	110011	0.000703	0.000638	0.000670	0.000384	-11697.411
6110	4	110011	0.000627	0.000569	0.000462	0.000190	-11694.900
6120	4	110011	0.000619	0.000562	0.000557	0.000321	-11698.847
6130	4	110011	0.000514	0.000467	0.000413	0.000318	-11697.825
6140	5	111011	0.000538	0.000465	0.000070	0.000509	0.000408	-11703.125
6150	4	110011	0.000573	0.000496	0.000438	0.000420	-11703.314
6160	5	111011	0.000629	0.000450	0.000029	0.000560	0.000379	-11695.912
6170	4	110011	0.000580	0.000440	0.000537	0.000223	-11688.990
6180	4	110011	0.000625	0.000450	0.000548	0.000309	-11705.521
6190	4	110011	0.000625	0.000450	0.000447	0.000393	-11706.805
6200	5	111011	0.000585	0.000563	0.000075	0.000385	0.000357	-11696.484
6210	6	111111	0.000695	0.000668	0.000053	0.000004	0.000612	0.000446	-11706.595
6220	5	111011	0.000695	0.000668	0.000053	0.000614	0.000344	-11705.558
6230	5	111011	0.000615	0.000591	0.000047	0.000589	0.000190	-11713.541
6240	5	111011	0.000723	0.000695	0.000055	0.000714	0.000422	-11698.762
6250	5	111011	0.000696	0.000669	0.000053	0.000671	0.000520	-11700.391
6260	5	111011	0.000495	0.000476	0.000101	0.000477	0.000303	-11702.506
6270	6	111111	0.000489	0.000456	0.000056	0.000029	0.000472	0.000393	-11695.052
6280	5	111011	0.000573	0.000533	0.000066	0.000528	0.000473	-11705.420
6290	6	111111	0.000563	0.000543	0.000065	0.000053	0.000554	0.000511	-11712.569
6300	6	111111	0.000522	0.000515	0.000043	0.000028	0.000508	0.000474	-11694.757
6310	6	111111	0.000473	0.000460	0.000112	0.000068	0.000467	0.000435	-11698.013
6320	5	111011	0.000480	0.000458	0.000179	0.000445	0.000441	-11713.895
6330	5	111011	0.000490	0.000455	0.000159	0.000366	0.000294	-11710.844
6340	5	111011	0.000535	0.000457	0.000206	0.000500	0.000249	-11711.682
6350	5	111011	0.000647	0.000315	0.000190	0.000621	0.000471	-11700.253
6360	6	111111	0.000679	0.000441	0.000122	0.000062	0.000612	0.000445	-11699.131
6370	6	111111	0.000862	0.000593	0.000176	0.000124	0.000746	0.000679	-11700.107
6380	6	111111	0.000674	0.000402	0.000138	0.000096	0.000466	0.000398	-11703.412
6390	6	111111	0.000755	0.000574	0.000183	0.000170	0.000686	0.000619	-11712.752
6400	6	111111	0.000780	0.000749	0.000189	0.000182	0.000770	0.000639	-11695.646
6410	6	111111	0.000697	0.000670	0.000210	0.000071	0.000690	0.000571	-11707.720
6420	6	111111	0.000612	0.000588	0.000184	0.000122	0.000580	0.000426	-11696.946
6430	5	111011	0.000675	0.000444	0.000197	0.000668	0.000610	-11702.307
6440	6	111111	0.000675	0.000564	0.000188	0.000040	0.000663	0.000404	-11703.521
6450	5	111011	0.000738	0.000350	0.000088	0.000677	0.000249	-11697.173
6460	5	111011	0.000627	0.000415	0.000108	0.000541	0.000390	-11702.743
6470	5	111011	0.000632	0.000573	0.000193	0.000520	0.000272	-11714.772
6480	5	111011	0.000539	0.000416	0.000091	0.000398	0.000307	-11709.032
6490	5	111011	0.000549	0.000467	0.000072	0.000540	0.000489	-11699.379
6500	6	111111	0.000548	0.000247	0.000108	0.000104	0.000539	0.000459	-11700.487
6510	6	111111	0.000618	0.000485	0.000151	0.000120	0.000536	0.000276	-11696.746
6520	6	111111	0.000588	0.000434	0.000143	0.000128	0.000352	0.000158	-11713.983
6530	6	111111	0.000534	0.000490	0.000102	0.000043	0.000444	0.000279	-11714.324
6540	6	111111	0.000579	0.000504	0.000086	0.000024	0.000559	0.000272	-11703.349
6550	6	111111	0.000632	0.000339	0.000099	0.000075	0.000624	0.000487	-11697.048
6560	6	111111	0.000667	0.000530	0.000084	0.000031	0.000576	0.000514	-11698.656
6570	6	111111	0.000728	0.000540	0.000125	0.000043	0.000672	0.000527	-11690.488
6580	6	111111	0.000655	0.000627	0.000113	0.000104	0.000612	0.000435	-11711.889
6590	6	111111	0.000827	0.000792	0.000142	0.000132	0.000675	0.000390	-11703.784
6600	6	111111	0.000704	0.000675	0.000121	0.000114	0.000639	0.000521	-11707.578
6610	6	111111	0.000632	0.000606	0.000109	0.000099	0.000612	0.000199	-11699.892
6620	6	111111	0.000632	0.000606	0.000109	0.000089	0.000458	0.000278	-11699.375
6630	6	111111	0.000627	0.000502	0.000150	0.000070	0.000522	0.000410	-11698.106
6640	5	111011	0.000627	0.000573	0.000150	0.000592	0.000385	-11693.881
6650	6	111111	0.000571	0.000362	0.000117	0.000088	0.000454	0.000426	-11698.605
6660	5	111011	0.000571	0.000362	0.000113	0.000566	0.000351	-11699.784
6670	6	111111	0.000474	0.000454	0.000034	0.000031	0.000453	0.000304	-11705.448
6680	6	111111	0.000493	0.000473	0.000034	0.000029	0.000481	0.000316	-11709.397
6690	6	111111	0.000626	0.000487	0.000043	0.000038	0.000526	0.000481	-11693.414
6700	5	111011	0.000520	0.000404	0.000035	0.000455	0.000410	-11699.391
6710	4	110011	0.000622	0.000561	0.000401	0.000096	-11707.985
6720	4	110011	0.000565	0.000510	0.000486	0.000178	-11699.814
6730	4	110011	0.000618	0.000557	0.000538	0.000439	-11706.538
6740	4	110011	0.000543	0.000490	0.000468	0.000326	-11707.725
6750	4	110011	0.000573	0.000517	0.000554	0.000239	-11702.523
6760	4	110011	0.000575	0.000519	0.000555	0.000423	-11708.308
6770	4	110011	0.000690	0.000379	0.000634	0.000444	-11715.541
6780	4	110011	0.000512	0.000393	0.000492	0.000085	-11702.942
6790	4	110011	0.000726	0.000533	0.000692	0.000436	-11701.425
6800	4	110011	0.000649	0.000429	0.000501	0.000307	-11696.425
6810	4	110011	0.000631	0.000568	0.000603	0.000396	-11699.316
6820	4	110011	0.000574	0.000516	0.000548	0.000397	-11696.823
6830	4	110011	0.000553	0.000436	0.000533	0.000241	-11700.628
6840	5	111011	0.000705	0.000564	0.000016	0.000643	0.000497	-11705.257
6850	4	110011	0.000588	0.000470	0.000554	0.000519	-11706.642
6860	4	110011	0.000716	0.000314	0.000678	0.000633	-11693.341
6870	5	111011	0.000611	0.000570	0.000036	0.000574	0.000329	-11703.633
6880	5	111011	0.000631	0.000581	0.000038	0.000502	0.000447	-11708.167
6890	5	111011	0.000620	0.000572	0.000037	0.000413	0.000411	-11705.012
6900	5	111011	0.000584	0.000538	0.000035	0.000388	0.000387	-11697.749
6910	5	111011	0.000721	0.000656	0.000042	0.000472	0.000471	-11707.426
6920	5	111011	0.000620	0.000550	0.000072	0.000452	0.000257	-11695.891
6930	6	111111	0.000503	0.000460	0.000090	0.000078	0.000450	0.000168	-11709.931
6940	5	111110	0.000554	0.000355	0.000180	0.000076	0.000419	-11701.707
6950	6	111111	0.000578	0.000536	0.000173	0.000024	0.000494	0.000415	-11690.659
6960	6	111111	0.000509	0.000409	0.000071	0.000046	0.000431	0.000171	-11694.624
6970	6	111111	0.000500	0.000317	0.000059	0.000023	0.000388	0.000274	-11720.491
6980	5	111011	0.000558	0.000354	0.000157	0.000470	0.000351	-11704.413
6990	5	111011	0.000558	0.000390	0.000176	0.000498	0.000427	-11703.129
7000	5	111011	0.000657	0.000477	0.000106	0.000538	0.000338	-11699.142
7010	5	111011	0.000593	0.000491	0.000066	0.000522	0.000327	-11709.641
7020	5	111011	0.000667	0.000563	0.000018	0.000606	0.000504	-11699.433
7030	5	111011	0.000667	0.000563	0.000018	0.000569	0.000461	-11690.816
7040	5	111011	0.000545	0.000460	0.000015	0.000493	0.000377	-11699.936
7050	5	111011	0.000617	0.000420	0.000270	0.000483	0.000230	-11703.673
7060	5	111011	0.000578	0.000488	0.000055	0.000509	0.000367	-11694.412
7070	6	111111	0.000578	0.000488	0.000055	0.000033	0.000462	0.000402	-11699.664
7080	5	111011	0.000655	0.000506	0.000063	0.000558	0.000312	-11707.899
7090	5	111011	0.000643	0.000486	0.000170	0.000585	0.000289	-11700.103
7100	4	110011	0.000703	0.000461	0.000599	0.000352	-11712.216
7110	4	110011	0.000659	0.000598	0.000602	0.000138	-11700.354
7120	4	110011	0.000669	0.000606	0.000551	0.000525	-11721.511
7130	5	111011	0.000796	0.000722	0.000052	0.000512	0.000317	-11702.924
7140	5	111011	0.000793	0.000720	0.000052	0.000497	0.000484	-11699.661
7150	6	111111	0.000683	0.000619	0.000041	0.000011	0.000481	0.000182	-11703.313
7160	5	111011	0.000649	0.000431	0.000050	0.000508	0.000241	-11707.570
7170	5	111011	0.000570	0.000453	0.000175	0.000389	0.000334	-11703.308
7180	5	111011	0.000570	0.000553	0.000181	0.000494	0.000388	-11696.900
7190	5	111011	0.000570	0.000508	0.000118	0.000408	0.000378	-11692.534
7200	5	111011	0.000625	0.000536	0.000111	0.000586	0.000472	-11705.087
7210	5	111011	0.000539	0.000482	0.000101	0.000522	0.000352	-11703.428
7220	6	111111	0.000665	0.000312	0.000223	0.000012	0.000619	0.000129	-11686.472
7230	6	111111	0.000628	0.000289	0.000134	0.000063	0.000401	0.000299	-11699.192
7240	6	111111	0.000628	0.000298	0.000106	0.000015	0.000593	0.000562	-11695.371
7250	6	111111	0.000713	0.000307	0.000064	0.000005	0.000713	0.000515	-11698.552
7260	6	111111	0.000660	0.000446	0.000053	0.000036	0.000659	0.000347	-11697.260
7270	6	111111	0.000553	0.000380	0.000045	0.000023	0.000553	0.000322	-11695.677
7280	6	111111	0.000531	0.000388	0.000043	0.000042	0.000531	0.000351	-11692.142
7290	6	111111	0.000546	0.000434	0.000045	0.000027	0.000531	0.000457	-11705.009
7300	6	111111	0.000527	0.000419	0.000044	0.000008	0.000508	0.000441	-11701.008
7310	6	111111	0.000587	0.000534	0.000180	0.000128	0.000576	0.000418	-11704.928
7320	6	111111	0.000604	0.000579	0.000187	0.000065	0.000583	0.000433	-11705.420
7330	6	111111	0.000499	0.000474	0.000132	0.000010	0.000484	0.000121	-11683.576
7340	5	111011	0.000529	0.000364	0.000247	0.000522	0.000412	-11707.720
7350	5	111011	0.000499	0.000327	0.000105	0.000494	0.000388	-11700.854
7360	5	111011	0.000473	0.000382	0.000131	0.000379	0.000314	-11713.791
7370	5	111011	0.000507	0.000488	0.000039	0.000492	0.000334	-11698.464
7380	5	111011	0.000556	0.000546	0.000104	0.000549	0.000532	-11698.094
7390	5	111011	0.000442	0.000427	0.000072	0.000403	0.000324	-11704.076
7400	4	110011	0.000542	0.000411	0.000473	0.000432	-11699.838
7410	4	110011	0.000545	0.000442	0.000443	0.000434	-11699.144
7420	4	110011	0.000566	0.000500	0.000537	0.000424	-11697.587
7430	4	110011	0.000535	0.000472	0.000523	0.000401	-11702.677
7440	4	110011	0.000534	0.000514	0.000516	0.000132	-11690.574
7450	4	110011	0.000528	0.000509	0.000500	0.000348	-11687.087
7460	5	111011	0.000559	0.000538	0.000034	0.000412	0.000392	-11697.189
7470	5	111011	0.000566	0.000526	0.000043	0.000556	0.000429	-11693.294
7480	4	110011	0.000512	0.000408	0.000461	0.000379	-11684.709
7490	4	110011	0.000554	0.000394	0.000501	0.000411	-11690.766
7500	5	111011	0.000547	0.000467	0.000004	0.000472	0.000349	-11702.556
7510	4	110011	0.000623	0.000532	0.000578	0.000257	-11703.382
7520	4	110011	0.000629	0.000537	0.000540	0.000303	-11705.713
7530	4	110011	0.000581	0.000496	0.000488	0.000382	-11704.626
7540	4	110011	0.000561	0.000438	0.000467	0.000388	-11693.747
7550	5	111011	0.000646	0.000505	0.000099	0.000606	0.000270	-11711.283
7560	4	110011	0.000646	0.000505	0.000554	0.000455	-11717.433
7570	4	110011	0.000655	0.000630	0.000564	0.000351	-11708.813
7580	4	110011	0.000653	0.000628	0.000586	0.000296	-11711.743
7590	4	110011	0.000599	0.000577	0.000505	0.000468	-11703.795
7600	4	110011	0.000500	0.000481	0.000497	0.000122	-11691.436
7610	4	110011	0.000549	0.000528	0.000493	0.000335	-11693.089
7620	4	110011	0.000552	0.000531	0.000468	0.000226	-11694.203
7630	4	110011	0.000544	0.000283	0.000449	0.000406	-11700.837
7640	5	111011	0.000600	0.000301	0.000078	0.000532	0.000403	-11706.913
7650	5	111011	0.000716	0.000592	0.000173	0.000646	0.000479	-11704.117
7660	6	111111	0.000611	0.000535	0.000118	0.000004	0.000576	0.000548	-11707.364
7670	5	111011	0.000611	0.000519	0.000102	0.000585	0.000548	-11705.021
7680	5	111011	0.000567	0.000456	0.000075	0.000547	0.000256	-11708.503
7690	5	111011	0.000607	0.000468	0.000107	0.000586	0.000374	-11693.401
7700	5	111011	0.000646	0.000424	0.000051	0.000605	0.000331	-11698.465
7710	5	111011	0.000571	0.000496	0.000073	0.000524	0.000426	-11700.849
7720	5	111011	0.000526	0.000442	0.000067	0.000484	0.000392	-11701.770
7730	5	111011	0.000471	0.000294	0.000151	0.000364	0.000330	-11706.231
7740	5	111011	0.000640	0.000468	0.000034	0.000614	0.000365	-11691.171
7750	5	111011	0.000571	0.000463	0.000108	0.000554	0.000526	-11709.750
7760	5	111011	0.000486	0.000463	0.000092	0.000474	0.000203	-11710.458
7770	4	110011	0.000475	0.000466	0.000474	0.000336	-11701.877
7780	4	110011	0.000486	0.000430	0.000448	0.000353	-11697.559
7790	4	110011	0.000580	0.000512	0.000337	0.000290	-11708.729
7800	4	110011	0.000550	0.000486	0.000412	0.000284	-11697.887
7810	5	111011	0.000561	0.000496	0.000037	0.000506	0.000401	-11700.663
7820	4	110011	0.000509	0.000418	0.000504	0.000276	-11698.464
7830	5	111011	0.000508	0.000417	0.000021	0.000479	0.000387	-11701.637
7840	4	110011	0.000565	0.000350	0.000547	0.000157	-11704.258
7850	4	110011	0.000514	0.000486	0.000503	0.000483	-11692.975
7860	4	110011	0.000438	0.000415	0.000410	0.000364	-11700.705
7870	4	110011	0.000438	0.000415	0.000390	0.000342	-11699.914
7880	4	110011	0.000519	0.000429	0.000415	0.000315	-11695.046
7890	4	110011	0.000519	0.000424	0.000479	0.000417	-11698.007
7900	4	110011	0.000480	0.000309	0.000374	0.000303	-11698.428
7910	4	110011	0.000591	0.000379	0.000432	0.000286	-11691.481
7920	5	111011	0.000573	0.000331	0.000019	0.000507	0.000345	-11685.745
7930	5	111011	0.000503	0.000399	0.000028	0.000334	0.000315	-11697.887
7940	4	110011	0.000658	0.000286	0.000600	0.000569	-11694.092
7950	4	110011	0.000607	0.000300	0.000449	0.000381	-11704.884
7960	4	110011	0.000721	0.000561	0.000664	0.000436	-11696.227
7970	4	110011	0.000710	0.000531	0.000636	0.000588	-11701.562
7980	4	110011	0.000720	0.000522	0.000694	0.000581	-11701.570
7990	5	111011	0.000792	0.000575	0.000044	0.000641	0.000639	-11718.763
8000	5	111011	0.000674	0.000448	0.000028	0.000545	0.000544	-11697.102
8010	5	111011	0.000644	0.000340	0.000084	0.000516	0.000515	-11708.654
8020	6	111111	0.000666	0.000496	0.000087	0.000013	0.000658	0.000399	-11702.284
8030	5	111011	0.000666	0.000552	0.000166	0.000643	0.000385	-11702.323
8040	6	111111	0.000535	0.000435	0.000188	0.000062	0.000501	0.000374	-11702.957
8050	6	111111	0.000519	0.000503	0.000182	0.000128	0.000384	0.000220	-11701.930
8060	6	111111	0.000581	0.000553	0.000130	0.000121	0.000330	0.000209	-11708.647
8070	6	111111	0.000484	0.000476	0.000108	0.000047	0.000344	0.000200	-11698.605
8080	5	111011	0.000643	0.000633	0.000103	0.000386	0.000159	-11704.351
8090	5	111011	0.000670	0.000467	0.000108	0.000456	0.000272	-11695.441
8100	6	111111	0.000640	0.000562	0.000194	0.000024	0.000483	0.000466	-11701.419
8110	5	111011	0.000640	0.000578	0.000308	0.000631	0.000363	-11695.592
8120	5	111011	0.000635	0.000450	0.000293	0.000604	0.000272	-11720.520
8130	6	111111	0.000549	0.000271	0.000085	0.000024	0.000501	0.000318	-11714.709
8140	6	111111	0.000568	0.000414	0.000170	0.000027	0.000509	0.000487	-11713.141
8150	6	111111	0.000412	0.000338	0.000204	0.000019	0.000399	0.000395	-11715.167
8160	5	111011	0.000423	0.000368	0.000119	0.000418	0.000406	-11704.451
8170	6	111111	0.000517	0.000363	0.000171	0.000008	0.000497	0.000496	-11700.435
8180	5	111011	0.000511	0.000187	0.000098	0.000502	0.000491	-11694.984
8190	5	111011	0.000540	0.000450	0.000110	0.000529	0.000519	-11698.721
8200	6	111111	0.000548	0.000374	0.000052	0.000024	0.000540	0.000457	-11694.803
8210	6	111111	0.000487	0.000182	0.000040	0.000014	0.000465	0.000429	-11695.226
8220	6	111111	0.000524	0.000420	0.000045	0.000030	0.000476	0.000462	-11699.388
8230	4	110011	0.000412	0.000231	0.000373	0.000366	-11702.295
8240	4	110011	0.000540	0.000485	0.000492	0.000486	-11704.959
8250	4	110011	0.000524	0.000361	0.000472	0.000229	-11712.529
8260	4	110011	0.000516	0.000457	0.000318	0.000217	-11700.816
8270	4	110011	0.000672	0.000504	0.000501	0.000200	-11699.025
8280	4	110011	0.000496	0.000386	0.000264	0.000186	-11701.441
8290	4	110011	0.000526	0.000413	0.000274	0.000261	-11693.760
8300	4	110011	0.000486	0.000312	0.000312	0.000091	-11693.882
8310	4	110011	0.000503	0.000335	0.000266	0.000094	-11696.042
8320	4	110011	0.000431	0.000404	0.000404	0.000314	-11689.407
8330	6	111111	0.000481	0.000346	0.000100	0.000073	0.000437	0.000353	-11692.165
8340	6	111111	0.000501	0.000423	0.000138	0.000080	0.000451	0.000356	-11709.495
8350	6	111111	0.000518	0.000360	0.000166	0.000151	0.000435	0.000358	-11701.789
8360	6	111111	0.000518	0.000337	0.000142	0.000122	0.000443	0.000340	-11705.959
8370	6	111111	0.000486	0.000436	0.000122	0.000048	0.000433	0.000325	-11707.310
8380	6	111111	0.000473	0.000326	0.000108	0.000024	0.000376	0.000162	-11717.249
8390	4	110011	0.000379	0.000335	0.000299	0.000244	-11691.062
8400	4	110011	0.000458	0.000335	0.000420	0.000398	-11706.969
8410	4	110011	0.000511	0.000387	0.000492	0.000373	-11694.721
8420	4	110011	0.000572	0.000556	0.000502	0.000370	-11709.639
8430	4	110011	0.000517	0.000502	0.000341	0.000328	-11702.728
8440	4	110011	0.000597	0.000581	0.000353	0.000277	-11701.092
8450	4	110011	0.000561	0.000545	0.000329	0.000266	-11704.233
8460	4	110011	0.000626	0.000609	0.000234	0.000078	-11710.614
8470	4	110011	0.000670	0.000651	0.000654	0.000293	-11709.342
8480	4	110011	0.000677	0.000659	0.000640	0.000534	-11706.675
8490	4	110011	0.000608	0.000591	0.000500	0.000330	-11702.297
8500	5	111011	0.000600	0.000584	0.000004	0.000483	0.000363	-11700.696
8510	5	111011	0.000679	0.000660	0.000004	0.000525	0.000342	-11703.027
8520	4	110011	0.000746	0.000725	0.000656	0.000417	-11692.502
8530	4	110011	0.000692	0.000673	0.000537	0.000267	-11691.912
8540	4	110011	0.000602	0.000586	0.000495	0.000454	-11695.420
8550	4	110011	0.000556	0.000541	0.000499	0.000338	-11701.888
8560	4	110011	0.000527	0.000512	0.000472	0.000406	-11690.968
8570	4	110011	0.000582	0.000566	0.000558	0.000387	-11686.066
8580	4	110011	0.000582	0.000566	0.000580	0.000461	-11700.310
8590	4	110011	0.000514	0.000500	0.000494	0.000280	-11708.852
8600	4	110011	0.000643	0.000625	0.000551	0.000511	-11686.354
8610	4	110011	0.000831	0.000633	0.000752	0.000661	-11696.626
8620	6	111111	0.000658	0.000595	0.000096	0.000014	0.000514	0.000462	-11709.407
8630	5	111011	0.000704	0.000637	0.000173	0.000571	0.000391	-11701.822
8640	5	111011	0.000696	0.000629	0.000171	0.000643	0.000600	-11699.903
8650	5	111011	0.000770	0.000696	0.000236	0.000752	0.000250	-11690.020
8660	5	111011	0.000714	0.000515	0.000219	0.000611	0.000301	-11709.952
8670	5	111011	0.000696	0.000673	0.000115	0.000583	0.000516	-11698.657
8680	6	111111	0.000569	0.000423	0.000074	0.000065	0.000546	0.000427	-11700.056
8690	6	111111	0.000604	0.000550	0.000078	0.000047	0.000546	0.000492	-11698.322
8700	5	111011	0.000683	0.000623	0.000088	0.000662	0.000391	-11700.036
8710	4	110011	0.000670	0.000611	0.000502	0.000415	-11700.284
8720	4	110011	0.000804	0.000573	0.000734	0.000530	-11705.319
8730	5	111011	0.000666	0.000592	0.000012	0.000637	0.000337	-11701.939
8740	4	110011	0.000610	0.000543	0.000529	0.000497	-11700.088
8750	6	111111	0.000659	0.000587	0.000027	0.000016	0.000646	0.000571	-11685.907
8760	6	111111	0.000637	0.000567	0.000026	0.000021	0.000590	0.000552	-11701.253
8770	6	111111	0.000732	0.000652	0.000030	0.000029	0.000443	0.000348	-11715.050
8780	6	111111	0.000727	0.000647	0.000037	0.000031	0.000650	0.000414	-11720.230
8790	6	111111	0.000665	0.000592	0.000034	0.000022	0.000634	0.000626	-11697.837
8800	5	111011	0.000894	0.000796	0.000046	0.000892	0.000842	-11704.025
8810	5	111011	0.000868	0.000582	0.000060	0.000866	0.000818	-11704.231
8820	4	110011	0.000724	0.000442	0.000717	0.000682	-11705.799
8830	4	110011	0.000776	0.000595	0.000771	0.000705	-11707.405
8840	5	111011	0.000927	0.000540	0.000023	0.000921	0.000289	-11698.077
8850	4	110011	0.000759	0.000689	0.000679	0.000210	-11701.550
8860	5	111011	0.000674	0.000612	0.000007	0.000524	0.000422	-11698.497
8870	4	110011	0.000801	0.000579	0.000726	0.000637	-11697.901
8880	5	111011	0.000675	0.000484	0.000022	0.000591	0.000221	-11700.473
8890	4	110011	0.000716	0.000459	0.000510	0.000262	-11700.140
8900	4	110011	0.000738	0.000661	0.000626	0.000482	-11689.962
8910	4	110011	0.000580	0.000520	0.000522	0.000379	-11697.100
8920	4	110011	0.000580	0.000528	0.000489	0.000338	-11690.500
8930	4	110011	0.000463	0.000421	0.000412	0.000289	-11712.872
8940	5	111011	0.000503	0.000442	0.000052	0.000360	0.000286	-11694.212
8950	4	110011	0.000626	0.000521	0.000374	0.000323	-11702.186
8960	4	110011	0.000659	0.000549	0.000536	0.000259	-11689.273
8970	4	110011	0.000650	0.000542	0.000457	0.000417	-11681.278
8980	4	110011	0.000545	0.000454	0.000514	0.000245	-11707.784
8990	4	110011	0.000587	0.000489	0.000504	0.000424	-11704.963
9000	4	110011	0.000594	0.000495	0.000527	0.000429	-11714.844
9010	4	110011	0.000671	0.000599	0.000599	0.000487	-11705.268
9020	5	111011	0.000797	0.000711	0.000029	0.000654	0.000210	-11714.843
9030	4	110011	0.000625	0.000558	0.000532	0.000239	-11708.437
9040	4	110011	0.000559	0.000499	0.000417	0.000360	-11709.300
9050	4	110011	0.000559	0.000548	0.000519	0.000402	-11705.148
9060	4	110011	0.000649	0.000636	0.000573	0.000404	-11704.563
9070	4	110011	0.000665	0.000652	0.000603	0.000464	-11703.101
9080	4	110011	0.000645	0.000632	0.000509	0.000235	-11711.502
9090	4	110011	0.000601	0.000589	0.000547	0.000293	-11702.770
9100	4	110011	0.000557	0.000546	0.000466	0.000378	-11710.306
9110	4	110011	0.000630	0.000618	0.000561	0.000346	-11704.084
9120	4	110011	0.000543	0.000533	0.000490	0.000268	-11699.038
9130	4	110011	0.000542	0.000531	0.000390	0.000219	-11705.254
9140	4	110011	0.000606	0.000595	0.000395	0.000240	-11698.092
9150	4	110011	0.000570	0.000559	0.000457	0.000326	-11692.610
9160	4	110011	0.000536	0.000526	0.000514	0.000506	-11709.249
9170	4	110011	0.000622	0.000610	0.000530	0.000408	-11701.274
9180	4	110011	0.000622	0.000610	0.000520	0.000404	-11707.970
9190	4	110011	0.000622	0.000610	0.000416	0.000305	-11702.323
9200	4	110011	0.000680	0.000667	0.000556	0.000428	-11699.337
9210	4	110011	0.000665	0.000458	0.000557	0.000300	-11697.041
9220	4	110011	0.000557	0.000399	0.000442	0.000226	-11711.096
9230	4	110011	0.000517	0.000343	0.000501	0.000313	-11705.010
9240	4	110011	0.000526	0.000460	0.000492	0.000342	-11706.969
9250	4	110011	0.000558	0.000489	0.000346	0.000293	-11692.039
9260	4	110011	0.000530	0.000423	0.000414	0.000366	-11710.367
9270	4	110011	0.000785	0.000496	0.000511	0.000470	-11704.322
9280	5	111011	0.000726	0.000203	0.000019	0.000531	0.000522	-11700.823
9290	5	111011	0.000567	0.000380	0.000016	0.000511	0.000407	-11705.882
9300	4	110011	0.000560	0.000368	0.000477	0.000378	-11699.455
9310	4	110011	0.000547	0.000351	0.000502	0.000465	-11701.589
9320	4	110011	0.000528	0.000279	0.000502	0.000402	-11696.878
9330	4	110011	0.000634	0.000349	0.000362	0.000267	-11706.890
9340	4	110011	0.000663	0.000457	0.000600	0.000473	-11706.402
9350	4	110011	0.000581	0.000353	0.000536	0.000415	-11710.866
9360	4	110011	0.000705	0.000439	0.000667	0.000504	-11708.548
9370	5	111011	0.000686	0.000387	0.000113	0.000639	0.000146	-11703.182
9380	6	111111	0.000670	0.000580	0.000178	0.000045	0.000640	0.000545	-11712.379
9390	5	111011	0.000660	0.000595	0.000179	0.000529	0.000388	-11725.483
9400	5	111011	0.000799	0.000503	0.000144	0.000612	0.000470	-11714.559
9410	5	111011	0.000753	0.000438	0.000157	0.000577	0.000273	-11715.614
9420	5	111011	0.000655	0.000567	0.000076	0.000392	0.000295	-11703.159
9430	5	111011	0.000620	0.000528	0.000072	0.000305	0.000272	-11713.090
9440	5	111011	0.000765	0.000651	0.000142	0.000639	0.000267	-11716.082
9450	6	111111	0.000657	0.000517	0.000122	0.000007	0.000518	0.000468	-11703.898
9460	6	111111	0.000616	0.000511	0.000114	0.000049	0.000386	0.000162	-11714.653
9470	6	111111	0.000648	0.000597	0.000178	0.000107	0.000626	0.000435	-11708.340
9480	6	111111	0.000571	0.000515	0.000271	0.000141	0.000551	0.000498	-11706.563
9490	6	111111	0.000625	0.000497	0.000143	0.000121	0.000570	0.000544	-11709.516
9500	6	111111	0.000625	0.000472	0.000296	0.000127	0.000582	0.000545	-11694.508
9510	5	111011	0.000775	0.000621	0.000228	0.000710	0.000675	-11709.914
9520	5	111011	0.000657	0.000577	0.000036	0.000636	0.000573	-11707.406
9530	4	110011	0.000727	0.000572	0.000660	0.000357	-11705.457
9540	4	110011	0.000786	0.000728	0.000741	0.000339	-11711.294
9550	4	110011	0.000672	0.000622	0.000383	0.000194	-11714.126
9560	4	110011	0.000724	0.000670	0.000394	0.000190	-11701.910
9570	4	110011	0.000724	0.000670	0.000421	0.000278	-11714.212
9580	4	110011	0.000637	0.000590	0.000529	0.000326	-11702.753
9590	4	110011	0.000691	0.000640	0.000633	0.000409	-11697.833
9600	4	110011	0.000680	0.000629	0.000557	0.000494	-11702.805
9610	4	110011	0.000739	0.000685	0.000733	0.000537	-11704.535
9620	4	110011	0.000536	0.000411	0.000531	0.000400	-11708.687
9630	4	110011	0.000752	0.000607	0.000745	0.000397	-11701.966
9640	5	111011	0.000522	0.000222	0.000061	0.000517	0.000333	-11718.623
9650	4	110011	0.000628	0.000438	0.000624	0.000535	-11703.164
9660	4	110011	0.000817	0.000538	0.000794	0.000696	-11704.584
9670	5	111011	0.000614	0.000466	0.000022	0.000608	0.000347	-11712.574
9680	6	111111	0.000678	0.000610	0.000072	0.000028	0.000644	0.000448	-11704.792
9690	6	111111	0.000773	0.000695	0.000082	0.000021	0.000746	0.000533	-11724.832
9700	6	111111	0.000733	0.000660	0.000078	0.000060	0.000713	0.000650	-11698.891
9710	6	111111	0.000641	0.000576	0.000068	0.000049	0.000623	0.000568	-11690.301
9720	5	111011	0.000672	0.000605	0.000072	0.000600	0.000596	-11703.673
9730	4	110011	0.000733	0.000659	0.000516	0.000294	-11711.379
9740	4	110011	0.000733	0.000659	0.000511	0.000486	-11712.145
9750	4	110011	0.000678	0.000576	0.000600	0.000455	-11707.786
9760	6	111111	0.000610	0.000518	0.000086	0.000024	0.000426	0.000410	-11708.477
9770	5	111011	0.000751	0.000391	0.000100	0.000738	0.000636	-11702.059
9780	5	111011	0.000633	0.000555	0.000043	0.000575	0.000537	-11711.832
9790	5	111011	0.000744	0.000530	0.000050	0.000553	0.000308	-11704.937
9800	5	111011	0.000744	0.000416	0.000050	0.000546	0.000404	-11701.049
9810	6	111111	0.000666	0.000549	0.000101	0.000057	0.000583	0.000500	-11716.661
9820	6	111111	0.000710	0.000459	0.000121	0.000102	0.000630	0.000533	-11705.375
9830	6	111111	0.000602	0.000375	0.000170	0.000113	0.000503	0.000419	-11702.962
9840	6	111111	0.000567	0.000367	0.000140	0.000113	0.000536	0.000403	-11705.426
9850	6	111111	0.000683	0.000532	0.000168	0.000047	0.000669	0.000586	-11705.327
9860	6	111111	0.000596	0.000327	0.000149	0.000095	0.000531	0.000511	-11707.682
9870	6	111111	0.000529	0.000243	0.000107	0.000084	0.000514	0.000454	-11712.890
9880	6	111111	0.000535	0.000267	0.000092	0.000085	0.000503	0.000377	-11691.217
9890	6	111111	0.000471	0.000408	0.000120	0.000072	0.000450	0.000218	-11694.561
9900	6	111111	0.000584	0.000470	0.000111	0.000045	0.000506	0.000456	-11693.855
9910	6	111111	0.000537	0.000493	0.000295	0.000137	0.000471	0.000410	-11703.375
9920	6	111111	0.000479	0.000447	0.000197	0.000057	0.000398	0.000279	-11692.513
9930	6	111111	0.000568	0.000560	0.000165	0.000069	0.000455	0.000436	-11700.589
9940	6	111111	0.000583	0.000537	0.000167	0.000113	0.000506	0.000356	-11703.275
9950	6	111111	0.000596	0.000549	0.000171	0.000158	0.000460	0.000277	-11705.351
9960	6	111111	0.000663	0.000604	0.000190	0.000128	0.000632	0.000421	-11716.282
9970	6	111111	0.000707	0.000498	0.000207	0.000034	0.000503	0.000449	-11705.525
9980	6	111111	0.000750	0.000616	0.000027	0.000014	0.000682	0.000421	-11709.835
9990	5	111011	0.001006	0.000826	0.000036	0.000985	0.000929	-11710.830
10000	5	111011	0.001006	0.000805	0.000036	0.000967	0.000358	-11700.694
