Gen	np	tree	tau_8L_australerasa_CA_Martin_MeadowL_australerasa_CA_Mill_CreekL_australerasa_CA_Homewood_CanyonL_australerasa_CA_Oyster_LakeL_australerasa_CA_Carson_SpurL_australerasa_OR_Crater_LakeL_australerasa_CA_Nanny_Creek	tau_9L_australerasa_CA_Mill_CreekL_australerasa_CA_Homewood_CanyonL_australerasa_CA_Oyster_LakeL_australerasa_CA_Carson_SpurL_australerasa_OR_Crater_LakeL_australerasa_CA_Nanny_Creek	tau_10L_australerasa_CA_Mill_CreekL_australerasa_CA_Homewood_Canyon	tau_11L_australerasa_CA_Oyster_LakeL_australerasa_CA_Carson_SpurL_australerasa_OR_Crater_LakeL_australerasa_CA_Nanny_Creek	tau_12L_australerasa_CA_Oyster_LakeL_australerasa_CA_Carson_Spur	tau_13L_australerasa_OR_Crater_LakeL_australerasa_CA_Nanny_Creek	lnL
10	2	110000	0.000883	0.000029	-11475.614
20	2	110000	0.000822	0.000081	-11475.020
30	2	110000	0.000735	0.000055	-11472.151
40	2	110000	0.000578	0.000137	-11475.929
50	2	110000	0.000919	0.000123	-11474.750
60	3	111000	0.000793	0.000196	0.000093	-11473.240
70	2	110000	0.001247	0.000082	-11465.084
80	2	110000	0.001140	0.000321	-11477.515
90	2	110000	0.001043	0.000331	-11480.026
100	3	111000	0.001017	0.000356	0.000072	-11494.256
110	2	110000	0.000971	0.000368	-11486.585
120	2	110000	0.001028	0.000074	-11470.407
130	2	110000	0.001176	0.000091	-11471.880
140	2	110000	0.001101	0.000031	-11470.446
150	2	110000	0.000979	0.000118	-11486.907
160	2	110000	0.000975	0.000058	-11477.578
170	2	110000	0.000999	0.000112	-11478.136
180	3	111000	0.001058	0.000584	0.000035	-11490.622
190	2	110000	0.000996	0.000075	-11488.697
200	2	110000	0.000952	0.000138	-11470.537
210	3	111000	0.000907	0.000287	0.000150	-11499.538
220	2	110000	0.000878	0.000088	-11495.616
230	2	110000	0.000864	0.000151	-11498.655
240	3	111000	0.000831	0.000088	0.000035	-11484.375
250	2	110000	0.000993	0.000266	-11489.722
260	2	110000	0.000988	0.000074	-11470.591
270	2	110000	0.000691	0.000317	-11492.895
280	2	110000	0.000954	0.000120	-11485.422
290	2	110000	0.000814	0.000104	-11495.860
300	2	110000	0.000997	0.000109	-11483.953
310	2	110000	0.000789	0.000263	-11493.981
320	2	110000	0.001070	0.000147	-11490.184
330	2	110000	0.001038	0.000101	-11482.216
340	2	110000	0.001084	0.000072	-11490.493
350	2	110000	0.001249	0.000025	-11478.946
360	2	110000	0.001357	0.000029	-11491.164
370	2	110000	0.001156	0.000031	-11490.239
380	2	110000	0.001232	0.000025	-11482.012
390	3	111000	0.001073	0.000061	0.000016	-11492.211
400	2	110000	0.000921	0.000041	-11485.948
410	2	110000	0.001020	0.000040	-11487.371
420	2	110000	0.001080	0.000051	-11497.867
430	2	110000	0.000903	0.000071	-11485.428
440	2	110000	0.000850	0.000068	-11488.103
450	3	111000	0.000897	0.000057	0.000044	-11487.485
460	2	110000	0.000941	0.000142	-11490.809
470	2	110000	0.000780	0.000053	-11498.947
480	2	110000	0.000917	0.000077	-11485.120
490	2	110000	0.001070	0.000069	-11478.511
500	2	110000	0.000870	0.000115	-11491.901
510	2	110000	0.000869	0.000136	-11481.326
520	3	111000	0.000894	0.000220	0.000009	-11475.845
530	2	110000	0.000934	0.000038	-11473.215
540	2	110000	0.001235	0.000066	-11478.569
550	3	111000	0.001022	0.000219	0.000108	-11496.674
560	3	111000	0.001028	0.000206	0.000048	-11481.463
570	3	111000	0.001057	0.000104	0.000069	-11490.149
580	3	111000	0.000937	0.000104	0.000074	-11477.214
590	3	111000	0.000969	0.000119	0.000103	-11483.265
600	3	111000	0.000885	0.000081	0.000063	-11497.103
610	3	111000	0.001205	0.000077	0.000018	-11487.651
620	2	110000	0.001026	0.000110	-11469.787
630	2	110000	0.001190	0.000135	-11490.621
640	2	110000	0.001292	0.000132	-11487.382
650	2	110000	0.001215	0.000065	-11467.644
660	2	110000	0.001257	0.000072	-11476.343
670	2	110000	0.001457	0.000357	-11482.180
680	2	110000	0.001778	0.000088	-11480.801
690	2	110000	0.001735	0.000125	-11472.821
700	2	110000	0.001512	0.000086	-11478.423
710	2	110000	0.001582	0.000119	-11473.363
720	2	110000	0.001448	0.000145	-11485.744
730	2	110000	0.001173	0.000097	-11500.945
740	2	110000	0.001367	0.000032	-11490.871
750	2	110000	0.001310	0.000183	-11475.883
760	3	111000	0.001131	0.000148	0.000034	-11474.141
770	2	110000	0.001294	0.000198	-11479.813
780	2	110000	0.001193	0.000108	-11477.726
790	2	110000	0.001080	0.000124	-11488.923
800	2	110000	0.001120	0.000039	-11481.662
810	2	110000	0.001119	0.000059	-11483.608
820	2	110000	0.001287	0.000070	-11485.140
830	2	110000	0.001308	0.000049	-11488.215
840	2	110000	0.001372	0.000073	-11473.956
850	2	110000	0.000925	0.000074	-11481.180
860	2	110000	0.001078	0.000054	-11477.616
870	2	110000	0.001376	0.000028	-11477.001
880	2	110000	0.001512	0.000193	-11493.207
890	2	110000	0.001515	0.000077	-11495.300
900	3	111000	0.001620	0.000160	0.000056	-11475.366
910	2	110000	0.001193	0.000030	-11487.417
920	2	110000	0.001471	0.000050	-11483.228
930	2	110000	0.001841	0.000051	-11479.411
940	2	110000	0.001499	0.000033	-11497.546
950	2	110000	0.001721	0.000031	-11487.580
960	2	110000	0.001918	0.000042	-11497.445
970	2	110000	0.001700	0.000041	-11477.671
980	2	110000	0.001862	0.000124	-11485.091
990	2	110000	0.001577	0.000080	-11485.745
1000	2	110000	0.001944	0.000085	-11485.214
1010	2	110000	0.001827	0.000095	-11480.472
1020	2	110000	0.002339	0.000062	-11468.858
1030	2	110000	0.001950	0.000095	-11479.149
1040	2	110000	0.001971	0.000076	-11476.540
1050	2	110000	0.001684	0.000060	-11480.238
1060	2	110000	0.001582	0.000045	-11484.938
1070	2	110000	0.001329	0.000031	-11496.203
1080	2	110000	0.001395	0.000060	-11491.393
1090	2	110000	0.001390	0.000072	-11491.448
1100	2	110000	0.001278	0.000028	-11495.446
1110	2	110000	0.001165	0.000059	-11493.990
1120	2	110000	0.001299	0.000053	-11485.960
1130	2	110000	0.001415	0.000042	-11479.612
1140	2	110000	0.001466	0.000052	-11474.243
1150	2	110000	0.001555	0.000061	-11485.516
1160	2	110000	0.001769	0.000106	-11494.170
1170	2	110000	0.001659	0.000058	-11482.267
1180	2	110000	0.001371	0.000053	-11488.914
1190	2	110000	0.001274	0.000071	-11483.406
1200	3	110100	0.001357	0.000094	0.000004	-11488.990
1210	2	110000	0.001670	0.000132	-11495.381
1220	2	110000	0.001590	0.000049	-11484.403
1230	2	110000	0.001560	0.000064	-11472.433
1240	2	110000	0.001578	0.000060	-11466.733
1250	2	110000	0.001867	0.000077	-11491.962
1260	2	110000	0.001318	0.000048	-11484.100
1270	2	110000	0.001460	0.000088	-11498.833
1280	2	110000	0.001333	0.000082	-11478.660
1290	2	110000	0.001279	0.000094	-11491.978
1300	3	111000	0.001118	0.000066	0.000003	-11500.580
1310	2	110000	0.001183	0.000075	-11493.545
1320	2	110000	0.001284	0.000081	-11477.260
1330	2	110000	0.001153	0.000050	-11479.060
1340	2	110000	0.001349	0.000065	-11481.099
1350	2	110000	0.001488	0.000095	-11477.154
1360	3	111000	0.001321	0.000051	0.000004	-11474.942
1370	2	110000	0.001476	0.000049	-11476.309
1380	2	110000	0.001329	0.000039	-11471.574
1390	2	110000	0.001236	0.000032	-11485.157
1400	2	110000	0.001338	0.000049	-11481.138
1410	2	110000	0.001366	0.000118	-11489.215
1420	2	110000	0.001241	0.000116	-11496.882
1430	2	110000	0.001255	0.000275	-11495.932
1440	2	110000	0.001451	0.000273	-11483.434
1450	2	110000	0.001448	0.000032	-11487.603
1460	2	110000	0.001542	0.000072	-11469.477
1470	2	110000	0.001542	0.000060	-11470.867
1480	2	110000	0.001619	0.000083	-11471.761
1490	2	110000	0.001413	0.000103	-11478.664
1500	2	110000	0.001441	0.000252	-11489.509
1510	2	110000	0.001490	0.000184	-11483.898
1520	2	110000	0.001588	0.000236	-11480.658
1530	2	110000	0.001195	0.000524	-11496.327
1540	2	110000	0.001421	0.000428	-11505.180
1550	3	111000	0.001365	0.000663	0.000097	-11498.841
1560	2	110000	0.001381	0.000491	-11486.653
1570	2	110000	0.001478	0.000184	-11480.171
1580	2	110000	0.001433	0.000171	-11474.470
1590	2	110000	0.001542	0.000480	-11488.317
1600	2	110000	0.001546	0.000312	-11490.480
1610	2	110000	0.001513	0.000389	-11495.000
1620	2	110000	0.001448	0.000175	-11484.774
1630	2	110000	0.001467	0.000187	-11491.101
1640	2	110000	0.001528	0.000044	-11478.340
1650	2	110000	0.001720	0.000129	-11490.753
1660	2	110000	0.001828	0.000182	-11497.368
1670	2	110000	0.002012	0.000059	-11496.044
1680	2	110000	0.001557	0.000073	-11479.461
1690	2	110000	0.001297	0.000056	-11470.775
1700	2	110000	0.001228	0.000308	-11480.350
1710	2	110000	0.001142	0.000530	-11483.576
1720	2	110000	0.001216	0.000583	-11483.776
1730	2	110000	0.001087	0.000322	-11501.475
1740	2	110000	0.000977	0.000213	-11484.898
1750	2	110000	0.001002	0.000072	-11491.450
1760	2	110000	0.001092	0.000138	-11484.609
1770	3	111000	0.001327	0.000159	0.000115	-11494.102
1780	3	111000	0.001193	0.000314	0.000068	-11489.972
1790	3	111000	0.001167	0.000266	0.000095	-11485.339
1800	3	111000	0.001213	0.000389	0.000015	-11493.198
1810	2	110000	0.001044	0.000298	-11465.051
1820	2	110000	0.001302	0.000151	-11468.697
1830	2	110000	0.001000	0.000171	-11504.949
1840	3	111000	0.001090	0.000281	0.000044	-11493.992
1850	2	110000	0.001359	0.000097	-11478.299
1860	2	110000	0.001359	0.000158	-11474.338
1870	2	110000	0.001802	0.000148	-11475.322
1880	2	110000	0.001411	0.000246	-11492.889
1890	2	110000	0.001271	0.000229	-11503.574
1900	2	110000	0.001578	0.000249	-11485.333
1910	2	110000	0.001719	0.000173	-11492.586
1920	2	110000	0.001455	0.000074	-11470.044
1930	2	110000	0.001685	0.000033	-11486.633
1940	2	110000	0.001350	0.000043	-11481.588
1950	2	110000	0.001437	0.000022	-11482.840
1960	2	110000	0.001658	0.000028	-11478.898
1970	2	110000	0.001434	0.000020	-11487.047
1980	2	110000	0.001338	0.000013	-11487.528
1990	2	110000	0.001248	0.000017	-11491.812
2000	2	110000	0.001280	0.000016	-11489.283
2010	2	110000	0.001337	0.000015	-11496.028
2020	2	110000	0.001338	0.000018	-11498.320
2030	2	110000	0.001257	0.000019	-11480.747
2040	2	110000	0.001107	0.000019	-11505.267
2050	2	110000	0.001033	0.000019	-11508.705
2060	2	110000	0.001161	0.000017	-11497.446
2070	2	110000	0.001104	0.000019	-11487.786
2080	3	111000	0.001037	0.000023	0.000009	-11505.361
2090	2	110000	0.001352	0.000031	-11501.501
2100	2	110000	0.001228	0.000031	-11474.384
2110	2	110000	0.001109	0.000037	-11479.840
2120	2	110000	0.001014	0.000038	-11485.385
2130	2	110000	0.001373	0.000038	-11477.608
2140	2	110000	0.001319	0.000059	-11481.102
2150	2	110000	0.001455	0.000088	-11477.341
2160	2	110000	0.001278	0.000084	-11467.394
2170	2	110000	0.001433	0.000052	-11488.625
2180	2	110000	0.001398	0.000050	-11494.252
2190	2	110000	0.001571	0.000048	-11481.710
2200	2	110000	0.001689	0.000132	-11492.139
2210	2	110000	0.001882	0.000159	-11482.741
2220	3	111000	0.001396	0.000208	0.000087	-11476.903
2230	3	111000	0.001745	0.000233	0.000057	-11480.091
2240	2	110000	0.001640	0.000167	-11488.685
2250	2	110000	0.001740	0.000156	-11479.942
2260	2	110000	0.001469	0.000072	-11482.594
2270	2	110000	0.001573	0.000242	-11484.231
2280	2	110000	0.001792	0.000063	-11460.413
2290	2	110000	0.001250	0.000090	-11488.107
2300	2	110000	0.001512	0.000094	-11492.230
2310	3	111000	0.001249	0.000152	0.000079	-11485.575
2320	2	110000	0.001202	0.000285	-11481.374
2330	2	110000	0.001457	0.000395	-11488.015
2340	2	110000	0.001344	0.000139	-11478.438
2350	2	110000	0.001140	0.000309	-11481.819
2360	3	111000	0.001142	0.000169	0.000002	-11483.232
2370	3	111000	0.001519	0.000173	0.000071	-11467.265
2380	3	111000	0.001264	0.000400	0.000158	-11488.190
2390	2	110000	0.001283	0.000283	-11490.830
2400	2	110000	0.001195	0.000118	-11480.156
2410	2	110000	0.001200	0.000405	-11486.419
2420	2	110000	0.000801	0.000411	-11488.332
2430	3	111000	0.001023	0.000664	0.000248	-11511.291
2440	3	111000	0.000998	0.000873	0.000219	-11500.960
2450	3	111000	0.000917	0.000629	0.000353	-11486.517
2460	2	110000	0.000746	0.000740	-11491.956
2470	2	110000	0.000734	0.000669	-11507.873
2480	2	110000	0.000749	0.000613	-11494.752
2490	2	110000	0.001031	0.000914	-11509.765
2500	3	111000	0.000909	0.000704	0.000216	-11513.713
2510	3	111000	0.000925	0.000693	0.000041	-11508.795
2520	2	110000	0.001056	0.000971	-11499.370
2530	3	111000	0.000903	0.000618	0.000289	-11503.432
2540	2	110000	0.000868	0.000496	-11494.188
2550	2	110000	0.001303	0.000149	-11483.724
2560	2	110000	0.001035	0.000156	-11488.798
2570	2	110000	0.001232	0.000572	-11512.522
2580	2	110000	0.001334	0.000735	-11494.825
2590	2	110000	0.001361	0.000644	-11494.929
2600	2	110000	0.001098	0.000919	-11492.816
2610	2	110000	0.001194	0.000744	-11498.101
2620	2	110000	0.001043	0.000844	-11498.383
2630	2	110000	0.001157	0.000881	-11502.855
2640	2	110000	0.001330	0.000815	-11505.251
2650	3	111000	0.001122	0.000583	0.000052	-11503.277
2660	2	110000	0.001394	0.000337	-11492.185
2670	3	111000	0.001262	0.000670	0.000007	-11504.605
2680	3	111000	0.001189	0.000859	0.000341	-11498.628
2690	3	111000	0.000987	0.000394	0.000145	-11488.405
2700	3	111000	0.001095	0.000680	0.000656	-11483.820
2710	3	111000	0.000838	0.000289	0.000264	-11491.401
2720	3	111000	0.000747	0.000203	0.000022	-11494.464
2730	2	110000	0.000811	0.000105	-11487.113
2740	2	110000	0.000919	0.000086	-11493.581
2750	3	110100	0.000968	0.000048	0.000019	-11492.708
2760	2	110000	0.001027	0.000052	-11479.473
2770	2	110000	0.000990	0.000050	-11478.049
2780	3	110100	0.000958	0.000062	0.000018	-11478.626
2790	2	110000	0.001008	0.000223	-11499.286
2800	2	110000	0.001116	0.000173	-11485.753
2810	2	110000	0.001243	0.000076	-11498.700
2820	2	110000	0.001046	0.000138	-11490.682
2830	2	110000	0.001046	0.000052	-11484.121
2840	2	110000	0.000972	0.000148	-11503.800
2850	2	110000	0.001315	0.000085	-11487.322
2860	2	110000	0.001324	0.000083	-11491.134
2870	3	111000	0.001210	0.000171	0.000101	-11477.634
2880	2	110000	0.000838	0.000043	-11482.290
2890	2	110000	0.001035	0.000299	-11486.083
2900	2	110000	0.000921	0.000139	-11495.205
2910	2	110000	0.000866	0.000162	-11474.741
2920	2	110000	0.001033	0.000092	-11499.816
2930	2	110000	0.000842	0.000078	-11487.915
2940	3	110100	0.000840	0.000073	0.000027	-11492.823
2950	2	110000	0.001027	0.000067	-11491.325
2960	2	110000	0.000866	0.000113	-11496.425
2970	2	110000	0.000893	0.000125	-11501.743
2980	2	110000	0.001101	0.000302	-11499.235
2990	2	110000	0.001129	0.000078	-11490.587
3000	2	110000	0.001032	0.000071	-11487.397
3010	2	110000	0.001311	0.000109	-11471.801
3020	2	110000	0.001167	0.000153	-11479.848
3030	2	110000	0.001109	0.000058	-11495.859
3040	2	110000	0.001214	0.000308	-11501.974
3050	2	110000	0.001231	0.000531	-11501.164
3060	2	110000	0.001069	0.000784	-11506.108
3070	2	110000	0.000884	0.000836	-11511.239
3080	3	111000	0.000942	0.000890	0.000218	-11497.301
3090	3	111000	0.000821	0.000720	0.000042	-11491.454
3100	2	110000	0.000695	0.000670	-11502.061
3110	3	111000	0.000674	0.000651	0.000159	-11495.810
3120	2	110000	0.000688	0.000651	-11490.499
3130	2	110000	0.000602	0.000500	-11493.174
3140	3	111000	0.000698	0.000629	0.000017	-11504.819
3150	2	110000	0.000667	0.000594	-11495.973
3160	2	110000	0.000638	0.000555	-11493.888
3170	2	110000	0.000554	0.000505	-11505.682
3180	2	110000	0.000750	0.000720	-11495.093
3190	2	110000	0.000607	0.000508	-11503.131
3200	3	111000	0.000720	0.000709	0.000171	-11488.324
3210	2	110000	0.000754	0.000743	-11493.483
3220	2	110000	0.000758	0.000746	-11500.817
3230	3	111000	0.000607	0.000598	0.000014	-11501.179
3240	2	110000	0.000625	0.000616	-11501.764
3250	2	110000	0.000616	0.000607	-11504.522
3260	2	110000	0.000748	0.000736	-11498.963
3270	3	111000	0.000610	0.000601	0.000082	-11503.865
3280	3	111000	0.000529	0.000520	0.000063	-11510.876
3290	2	110000	0.000533	0.000524	-11496.457
3300	2	110000	0.000488	0.000480	-11479.397
3310	2	110000	0.000533	0.000525	-11495.193
3320	2	110000	0.000522	0.000514	-11468.859
3330	3	111000	0.000421	0.000414	0.000137	-11491.731
3340	2	110000	0.000475	0.000467	-11501.013
3350	2	110000	0.000455	0.000448	-11489.448
3360	2	110000	0.000534	0.000525	-11476.107
3370	2	110000	0.000672	0.000662	-11474.545
3380	2	110000	0.000522	0.000514	-11483.442
3390	2	110000	0.000571	0.000562	-11506.961
3400	2	110000	0.000668	0.000658	-11500.024
3410	2	110000	0.000635	0.000625	-11477.057
3420	2	110000	0.000757	0.000624	-11484.100
3430	3	111000	0.000525	0.000468	0.000125	-11490.679
3440	2	110000	0.000368	0.000170	-11501.281
3450	2	110000	0.000430	0.000078	-11495.393
3460	2	110000	0.000412	0.000066	-11489.291
3470	3	111000	0.000505	0.000069	0.000045	-11493.292
3480	3	111000	0.000586	0.000099	0.000084	-11481.730
3490	2	110000	0.000504	0.000070	-11476.141
3500	2	110000	0.000504	0.000120	-11492.775
3510	2	110000	0.000541	0.000107	-11499.662
3520	2	110000	0.000555	0.000053	-11490.885
3530	2	110000	0.000506	0.000283	-11506.754
3540	2	110000	0.000408	0.000080	-11488.128
3550	3	111000	0.000428	0.000128	0.000011	-11486.439
3560	3	111000	0.000488	0.000170	0.000035	-11490.855
3570	3	110100	0.000504	0.000402	0.000005	-11480.956
3580	3	111000	0.000509	0.000192	0.000037	-11485.088
3590	3	111000	0.000494	0.000280	0.000143	-11497.897
3600	2	110000	0.000456	0.000296	-11484.809
3610	2	110000	0.000501	0.000451	-11491.068
3620	3	111000	0.000484	0.000152	0.000101	-11485.075
3630	2	110000	0.000480	0.000162	-11479.002
3640	3	111000	0.000429	0.000139	0.000077	-11485.132
3650	3	111000	0.000418	0.000136	0.000109	-11477.747
3660	3	111000	0.000520	0.000125	0.000087	-11487.584
3670	3	111000	0.000556	0.000195	0.000124	-11478.168
3680	2	110000	0.000685	0.000190	-11495.490
3690	2	110000	0.000629	0.000090	-11492.494
3700	2	110000	0.000661	0.000134	-11484.875
3710	2	110000	0.000647	0.000136	-11491.773
3720	3	111000	0.000824	0.000101	0.000008	-11473.263
3730	2	110000	0.000582	0.000168	-11499.724
3740	2	110000	0.000607	0.000150	-11477.860
3750	3	111000	0.000468	0.000183	0.000016	-11486.981
3760	2	110000	0.000503	0.000087	-11481.418
3770	4	110101	0.000669	0.000039	0.000007	0.000000	-11488.534
3780	2	110000	0.000520	0.000106	-11470.657
3790	3	111000	0.000495	0.000265	0.000016	-11493.435
3800	2	110000	0.000417	0.000288	-11484.098
3810	3	111000	0.000449	0.000384	0.000336	-11477.065
3820	3	111000	0.000524	0.000444	0.000415	-11468.880
3830	3	111000	0.000524	0.000473	0.000304	-11479.064
3840	3	111000	0.000454	0.000453	0.000356	-11468.296
3850	3	111000	0.000449	0.000448	0.000220	-11468.853
3860	3	111000	0.000464	0.000463	0.000100	-11467.623
3870	3	111000	0.000440	0.000440	0.000068	-11481.737
3880	2	110000	0.000468	0.000468	-11463.215
3890	3	111000	0.000460	0.000459	0.000175	-11476.271
3900	3	111000	0.000514	0.000514	0.000113	-11470.542
3910	2	110000	0.000517	0.000517	-11476.375
3920	2	110000	0.000460	0.000460	-11464.342
3930	2	110000	0.000517	0.000516	-11477.193
3940	2	110000	0.000523	0.000522	-11484.299
3950	3	111000	0.000539	0.000538	0.000158	-11466.427
3960	2	110000	0.000503	0.000502	-11485.632
3970	2	110000	0.000482	0.000481	-11486.791
3980	2	110000	0.000666	0.000665	-11477.001
3990	2	110000	0.000555	0.000554	-11478.817
4000	3	111000	0.000632	0.000632	0.000305	-11481.714
4010	2	110000	0.000414	0.000414	-11477.646
4020	2	110000	0.000447	0.000446	-11460.138
4030	2	110000	0.000343	0.000343	-11466.560
4040	3	111000	0.000488	0.000487	0.000076	-11473.144
4050	3	111000	0.000585	0.000584	0.000141	-11467.614
4060	2	110000	0.000494	0.000494	-11474.565
4070	2	110000	0.000502	0.000501	-11477.047
4080	2	110000	0.000424	0.000423	-11473.481
4090	3	111000	0.000485	0.000484	0.000030	-11460.729
4100	2	110000	0.000496	0.000495	-11492.456
4110	2	110000	0.000589	0.000588	-11481.138
4120	2	110000	0.000630	0.000580	-11477.591
4130	2	110000	0.000563	0.000538	-11470.020
4140	3	111000	0.000606	0.000579	0.000343	-11475.864
4150	3	111000	0.000471	0.000425	0.000257	-11464.656
4160	3	111000	0.000561	0.000478	0.000462	-11476.336
4170	3	111000	0.000739	0.000615	0.000407	-11470.649
4180	3	111000	0.000741	0.000527	0.000348	-11467.710
4190	3	111000	0.000957	0.000584	0.000303	-11474.722
4200	3	111000	0.000878	0.000832	0.000499	-11470.621
4210	3	111000	0.000942	0.000567	0.000010	-11478.230
4220	3	111000	0.000817	0.000288	0.000209	-11473.490
4230	3	110100	0.000716	0.000465	0.000007	-11463.984
4240	3	110100	0.000704	0.000672	0.000006	-11485.027
4250	4	110110	0.000518	0.000483	0.000005	0.000001	-11487.716
4260	3	110100	0.000671	0.000419	0.000006	-11469.913
4270	3	110100	0.000676	0.000624	0.000006	-11490.412
4280	2	110000	0.000588	0.000408	-11484.943
4290	2	110000	0.000722	0.000629	-11474.123
4300	2	110000	0.000752	0.000681	-11484.510
4310	3	111000	0.000782	0.000740	0.000011	-11486.729
4320	2	110000	0.001061	0.000842	-11481.431
4330	2	110000	0.000614	0.000555	-11492.113
4340	3	111000	0.000824	0.000811	0.000011	-11495.047
4350	3	111000	0.000840	0.000450	0.000077	-11491.273
4360	2	110000	0.000807	0.000148	-11468.691
4370	2	110000	0.000698	0.000184	-11476.048
4380	2	110000	0.000949	0.000128	-11461.180
4390	2	110000	0.001042	0.000081	-11453.536
4400	2	110000	0.000898	0.000146	-11468.944
4410	2	110000	0.001095	0.000134	-11468.219
4420	2	110000	0.001082	0.000067	-11471.090
4430	2	110000	0.001233	0.000161	-11478.577
4440	2	110000	0.001391	0.000110	-11485.237
4450	2	110000	0.001378	0.000130	-11454.988
4460	2	110000	0.001120	0.000098	-11454.171
4470	2	110000	0.001538	0.000103	-11459.742
4480	2	110000	0.001137	0.000134	-11468.641
4490	2	110000	0.001366	0.000050	-11474.659
4500	2	110000	0.001322	0.000050	-11473.121
4510	2	110000	0.001679	0.000027	-11466.767
4520	2	110000	0.001605	0.000044	-11459.685
4530	2	110000	0.001619	0.000041	-11468.125
4540	2	110000	0.001374	0.000239	-11503.425
4550	2	110000	0.001563	0.000294	-11493.000
4560	2	110000	0.001650	0.000313	-11492.291
4570	2	110000	0.001370	0.000549	-11494.192
4580	2	110000	0.001259	0.000939	-11498.364
4590	3	110100	0.001056	0.000987	0.000014	-11494.030
4600	3	110100	0.001139	0.000842	0.000015	-11488.993
4610	4	110101	0.001109	0.000921	0.000033	0.000003	-11489.467
4620	4	111100	0.000879	0.000666	0.000099	0.000034	-11481.689
4630	4	111100	0.000929	0.000660	0.000093	0.000053	-11481.633
4640	4	111100	0.000946	0.000698	0.000085	0.000027	-11485.469
4650	4	111100	0.000960	0.000641	0.000524	0.000026	-11481.199
4660	4	111100	0.000848	0.000706	0.000079	0.000023	-11507.431
4670	4	111100	0.000970	0.000314	0.000081	0.000026	-11492.278
4680	5	111110	0.001125	0.000197	0.000099	0.000028	0.000015	-11493.174
4690	4	111100	0.001089	0.000344	0.000093	0.000027	-11491.066
4700	4	111100	0.001155	0.000304	0.000145	0.000030	-11476.498
4710	4	111100	0.001047	0.000237	0.000155	0.000026	-11487.315
4720	3	111000	0.001261	0.000198	0.000190	-11486.548
4730	3	111000	0.001172	0.000184	0.000176	-11480.039
4740	3	111000	0.001024	0.000183	0.000173	-11473.709
4750	3	111000	0.001476	0.000177	0.000167	-11470.096
4760	4	111100	0.001047	0.000183	0.000172	0.000008	-11466.912
4770	4	111100	0.001235	0.000246	0.000092	0.000010	-11476.384
4780	4	111100	0.001090	0.000214	0.000131	0.000009	-11471.902
4790	4	111100	0.001313	0.000368	0.000204	0.000011	-11460.599
4800	3	110100	0.001329	0.000266	0.000008	-11462.432
4810	3	110100	0.001195	0.000118	0.000008	-11458.788
4820	3	110100	0.001235	0.000095	0.000008	-11453.795
4830	2	110000	0.001548	0.000189	-11468.905
4840	2	110000	0.001591	0.000146	-11456.962
4850	2	110000	0.001249	0.000079	-11469.246
4860	3	110100	0.001256	0.000145	0.000027	-11474.734
4870	4	110101	0.001471	0.000127	0.000051	0.000031	-11482.452
4880	3	110100	0.001496	0.000056	0.000027	-11474.835
4890	3	110100	0.001165	0.000074	0.000017	-11473.966
4900	4	110101	0.001271	0.000070	0.000043	0.000031	-11464.881
4910	4	110101	0.001299	0.000068	0.000050	0.000045	-11475.522
4920	4	110101	0.001314	0.000059	0.000038	0.000038	-11466.297
4930	4	110101	0.001060	0.000052	0.000034	0.000033	-11478.350
4940	4	110101	0.001169	0.000062	0.000041	0.000015	-11477.674
4950	3	110100	0.001319	0.000170	0.000025	-11466.114
4960	4	110110	0.001156	0.000090	0.000060	0.000039	-11476.759
4970	3	110100	0.001334	0.000122	0.000024	-11474.255
4980	3	110100	0.001256	0.000114	0.000057	-11464.819
4990	3	110100	0.001051	0.000076	0.000041	-11472.423
5000	3	110100	0.001197	0.000101	0.000025	-11477.195
5010	3	110100	0.000941	0.000129	0.000094	-11476.648
5020	4	110101	0.001036	0.000153	0.000117	0.000060	-11483.758
5030	4	110101	0.000770	0.000114	0.000065	0.000056	-11478.854
5040	4	110101	0.000981	0.000096	0.000071	0.000060	-11479.162
5050	4	110101	0.000833	0.000149	0.000066	0.000063	-11473.946
5060	4	110101	0.000975	0.000114	0.000081	0.000080	-11475.036
5070	4	110101	0.001069	0.000120	0.000105	0.000096	-11480.258
5080	4	110101	0.000976	0.000111	0.000105	0.000097	-11479.393
5090	4	110101	0.000940	0.000159	0.000146	0.000134	-11486.780
5100	5	110111	0.000889	0.000181	0.000179	0.000049	0.000158	-11483.250
5110	5	110111	0.000773	0.000152	0.000108	0.000098	0.000088	-11471.243
5120	5	110111	0.000853	0.000151	0.000115	0.000052	0.000080	-11465.328
5130	5	110111	0.001036	0.000149	0.000128	0.000075	0.000090	-11470.904
5140	5	110111	0.001139	0.000169	0.000148	0.000125	0.000107	-11481.170
5150	4	110110	0.001172	0.000160	0.000082	0.000040	-11481.303
5160	4	110110	0.001367	0.000151	0.000091	0.000039	-11468.866
5170	3	110100	0.000973	0.000092	0.000069	-11459.201
5180	4	110110	0.000943	0.000095	0.000089	0.000051	-11491.938
5190	4	110110	0.001124	0.000107	0.000074	0.000065	-11475.750
5200	4	110110	0.000862	0.000094	0.000057	0.000041	-11456.415
5210	4	110110	0.000942	0.000097	0.000051	0.000050	-11458.046
5220	4	110110	0.000919	0.000100	0.000066	0.000066	-11466.421
5230	5	110111	0.001019	0.000153	0.000068	0.000067	0.000012	-11470.309
5240	4	110110	0.000986	0.000195	0.000084	0.000078	-11471.950
5250	5	111110	0.001139	0.000145	0.000016	0.000116	0.000097	-11476.218
5260	4	110110	0.001108	0.000158	0.000142	0.000133	-11475.110
5270	4	110110	0.001026	0.000103	0.000098	0.000083	-11484.054
5280	4	110110	0.001202	0.000121	0.000107	0.000101	-11487.243
5290	4	110110	0.001097	0.000118	0.000099	0.000099	-11473.940
5300	4	110110	0.000966	0.000109	0.000107	0.000106	-11475.458
5310	4	110110	0.001045	0.000114	0.000113	0.000111	-11468.975
5320	4	110110	0.001038	0.000113	0.000112	0.000100	-11477.275
5330	4	110110	0.001074	0.000143	0.000134	0.000122	-11484.608
5340	4	110110	0.001068	0.000144	0.000129	0.000128	-11473.362
5350	4	110110	0.000837	0.000172	0.000154	0.000153	-11480.108
5360	4	110110	0.000726	0.000142	0.000138	0.000126	-11476.733
5370	4	110110	0.000688	0.000200	0.000181	0.000151	-11490.286
5380	4	110110	0.000902	0.000334	0.000250	0.000238	-11480.778
5390	4	110110	0.000882	0.000300	0.000266	0.000062	-11467.619
5400	4	110110	0.000850	0.000212	0.000208	0.000182	-11469.607
5410	4	110110	0.000860	0.000269	0.000227	0.000152	-11483.405
5420	4	110110	0.000675	0.000167	0.000125	0.000078	-11462.990
5430	4	110110	0.000675	0.000154	0.000091	0.000087	-11473.294
5440	4	110110	0.001058	0.000158	0.000087	0.000056	-11471.303
5450	4	110110	0.000942	0.000356	0.000069	0.000037	-11475.288
5460	4	110110	0.001085	0.000141	0.000098	0.000078	-11470.258
5470	5	110111	0.001086	0.000195	0.000179	0.000146	0.000100	-11478.475
5480	5	110111	0.000972	0.000150	0.000134	0.000117	0.000092	-11477.900
5490	4	110110	0.000888	0.000114	0.000088	0.000075	-11487.235
5500	4	110110	0.000921	0.000127	0.000091	0.000062	-11476.694
5510	4	110110	0.000619	0.000136	0.000120	0.000078	-11470.528
5520	4	110110	0.000786	0.000163	0.000097	0.000066	-11466.065
5530	6	111111	0.000826	0.000136	0.000018	0.000083	0.000046	0.000067	-11464.492
5540	5	111110	0.000804	0.000133	0.000080	0.000064	0.000050	-11466.643
5550	6	111111	0.000866	0.000188	0.000059	0.000150	0.000059	0.000046	-11471.652
5560	5	110111	0.000799	0.000119	0.000110	0.000094	0.000087	-11471.567
5570	5	110111	0.000898	0.000149	0.000144	0.000095	0.000141	-11462.410
5580	5	110111	0.000835	0.000157	0.000151	0.000012	0.000142	-11482.157
5590	4	110101	0.000928	0.000207	0.000202	0.000178	-11471.418
5600	5	110111	0.001215	0.000147	0.000137	0.000106	0.000035	-11473.325
5610	5	110111	0.001043	0.000136	0.000104	0.000062	0.000054	-11479.210
5620	5	110111	0.000952	0.000111	0.000064	0.000054	0.000042	-11470.940
5630	5	110111	0.001256	0.000165	0.000104	0.000072	0.000075	-11470.191
5640	5	110111	0.001409	0.000151	0.000135	0.000128	0.000107	-11473.314
5650	5	110111	0.001140	0.000136	0.000125	0.000107	0.000106	-11473.744
5660	6	111111	0.001060	0.000161	0.000014	0.000149	0.000131	0.000146	-11467.114
5670	5	110111	0.001151	0.000231	0.000140	0.000124	0.000140	-11481.199
5680	5	110111	0.000871	0.000337	0.000145	0.000141	0.000144	-11471.769
5690	5	110111	0.001088	0.000203	0.000159	0.000134	0.000128	-11486.464
5700	5	110111	0.001396	0.000421	0.000283	0.000189	0.000233	-11481.938
5710	5	110111	0.001470	0.000371	0.000293	0.000244	0.000279	-11488.528
5720	5	110111	0.001155	0.000673	0.000272	0.000091	0.000138	-11483.926
5730	6	111111	0.000884	0.000498	0.000206	0.000477	0.000445	0.000194	-11488.176
5740	5	110111	0.001060	0.000504	0.000475	0.000466	0.000428	-11487.153
5750	5	110111	0.001085	0.000375	0.000355	0.000346	0.000167	-11476.192
5760	5	110111	0.001042	0.000283	0.000273	0.000261	0.000232	-11475.027
5770	5	110111	0.001147	0.000283	0.000272	0.000261	0.000186	-11483.111
5780	6	111111	0.001232	0.000489	0.000284	0.000247	0.000182	0.000082	-11469.505
5790	6	111111	0.000901	0.000336	0.000193	0.000199	0.000063	0.000127	-11477.379
5800	6	111111	0.000841	0.000291	0.000064	0.000219	0.000145	0.000107	-11482.956
5810	6	111111	0.000761	0.000263	0.000099	0.000254	0.000138	0.000130	-11483.001
5820	6	111111	0.001014	0.000254	0.000103	0.000246	0.000199	0.000199	-11488.398
5830	5	110111	0.001192	0.000282	0.000221	0.000216	0.000209	-11465.303
5840	5	110111	0.000910	0.000205	0.000167	0.000157	0.000152	-11475.574
5850	5	110111	0.000940	0.000237	0.000221	0.000206	0.000195	-11484.236
5860	6	111111	0.000758	0.000327	0.000044	0.000229	0.000210	0.000154	-11486.124
5870	5	110111	0.000949	0.000457	0.000259	0.000223	0.000204	-11474.394
5880	5	110111	0.000770	0.000237	0.000173	0.000053	0.000038	-11472.742
5890	4	110110	0.000575	0.000214	0.000189	0.000122	-11486.902
5900	5	110111	0.000729	0.000272	0.000227	0.000088	0.000041	-11487.839
5910	3	110100	0.000561	0.000397	0.000020	-11493.833
5920	3	110100	0.000652	0.000484	0.000032	-11475.823
5930	3	110100	0.000632	0.000608	0.000027	-11460.686
5940	4	110101	0.000600	0.000578	0.000025	0.000011	-11474.678
5950	3	110100	0.000612	0.000589	0.000026	-11456.824
5960	3	110100	0.000701	0.000654	0.000047	-11475.313
5970	3	110100	0.000594	0.000579	0.000041	-11463.828
5980	3	110100	0.000601	0.000587	0.000041	-11468.818
5990	3	110100	0.000508	0.000495	0.000055	-11477.931
6000	4	110110	0.000569	0.000555	0.000042	0.000019	-11476.566
6010	3	110100	0.000544	0.000530	0.000015	-11479.934
6020	3	110100	0.000579	0.000565	0.000016	-11465.535
6030	3	110100	0.000466	0.000454	0.000013	-11482.629
6040	4	110110	0.000649	0.000633	0.000018	0.000009	-11471.954
6050	4	110110	0.000749	0.000706	0.000020	0.000016	-11465.390
6060	5	111110	0.000555	0.000151	0.000015	0.000012	0.000008	-11460.749
6070	4	110110	0.000629	0.000148	0.000014	0.000010	-11454.930
6080	4	110110	0.000729	0.000666	0.000016	0.000015	-11482.455
6090	4	110110	0.000760	0.000415	0.000018	0.000013	-11470.181
6100	4	110110	0.000715	0.000298	0.000019	0.000013	-11474.275
6110	2	110000	0.000597	0.000284	-11477.046
6120	3	111000	0.000538	0.000399	0.000242	-11479.256
6130	3	111000	0.000538	0.000417	0.000343	-11482.531
6140	3	111000	0.000581	0.000402	0.000043	-11473.892
6150	2	110000	0.000594	0.000510	-11480.368
6160	2	110000	0.000544	0.000511	-11481.137
6170	2	110000	0.000828	0.000101	-11455.665
6180	2	110000	0.000763	0.000131	-11461.054
6190	3	111000	0.000675	0.000606	0.000104	-11484.802
6200	3	111000	0.000576	0.000558	0.000222	-11484.125
6210	3	111000	0.000434	0.000420	0.000246	-11484.974
6220	4	111100	0.000474	0.000460	0.000136	0.000004	-11470.259
6230	3	111000	0.000398	0.000324	0.000095	-11462.104
6240	4	111100	0.000392	0.000214	0.000050	0.000005	-11470.041
6250	4	111100	0.000375	0.000355	0.000128	0.000004	-11491.459
6260	3	110100	0.000492	0.000438	0.000005	-11484.782
6270	3	110100	0.000587	0.000286	0.000006	-11473.894
6280	3	111000	0.000486	0.000478	0.000096	-11468.316
6290	3	111000	0.000426	0.000419	0.000244	-11490.915
6300	3	111000	0.000511	0.000497	0.000396	-11507.211
6310	2	110000	0.000424	0.000369	-11489.161
6320	2	110000	0.000631	0.000560	-11464.846
6330	3	111000	0.000499	0.000385	0.000160	-11479.961
6340	2	110000	0.000373	0.000334	-11480.737
6350	2	110000	0.000399	0.000389	-11479.580
6360	2	110000	0.000385	0.000376	-11484.397
6370	3	111000	0.000385	0.000376	0.000297	-11472.428
6380	3	111000	0.000424	0.000414	0.000298	-11465.543
6390	3	111000	0.000317	0.000314	0.000265	-11493.146
6400	3	111000	0.000469	0.000464	0.000174	-11467.021
6410	3	111000	0.000484	0.000446	0.000225	-11476.206
6420	2	110000	0.000522	0.000258	-11476.412
6430	3	110100	0.000585	0.000121	0.000002	-11455.917
6440	2	110000	0.000585	0.000151	-11459.579
6450	2	110000	0.000654	0.000169	-11459.024
6460	2	110000	0.000506	0.000157	-11459.632
6470	2	110000	0.000425	0.000364	-11482.872
6480	3	111000	0.000454	0.000353	0.000228	-11479.527
6490	3	111000	0.000383	0.000369	0.000090	-11486.121
6500	3	111000	0.000362	0.000353	0.000288	-11483.552
6510	3	111000	0.000334	0.000318	0.000159	-11477.742
6520	3	111000	0.000393	0.000373	0.000358	-11478.464
6530	3	111000	0.000454	0.000436	0.000287	-11463.980
6540	3	111000	0.000422	0.000360	0.000332	-11469.757
6550	2	110000	0.000340	0.000312	-11468.400
6560	2	110000	0.000427	0.000393	-11464.146
6570	2	110000	0.000412	0.000395	-11459.964
6580	3	111000	0.000414	0.000397	0.000216	-11453.960
6590	2	110000	0.000367	0.000352	-11472.335
6600	2	110000	0.000410	0.000393	-11463.685
6610	3	111000	0.000377	0.000332	0.000078	-11456.395
6620	2	110000	0.000410	0.000364	-11453.097
6630	2	110000	0.000379	0.000329	-11471.564
6640	2	110000	0.000370	0.000156	-11479.953
6650	2	110000	0.000324	0.000202	-11478.092
6660	2	110000	0.000561	0.000140	-11460.459
6670	2	110000	0.000496	0.000433	-11466.996
6680	2	110000	0.000562	0.000340	-11484.637
6690	3	110100	0.000564	0.000040	0.000003	-11486.462
6700	3	111000	0.000582	0.000050	0.000016	-11481.298
6710	2	110000	0.000626	0.000075	-11451.348
6720	2	110000	0.000596	0.000091	-11467.881
6730	2	110000	0.000619	0.000038	-11460.527
6740	2	110000	0.000597	0.000096	-11469.700
6750	2	110000	0.000675	0.000081	-11467.664
6760	2	110000	0.000650	0.000109	-11478.178
6770	2	110000	0.000731	0.000037	-11469.996
6780	3	111000	0.000805	0.000083	0.000062	-11459.981
6790	3	111000	0.000945	0.000138	0.000127	-11471.695
6800	4	111100	0.001005	0.000120	0.000099	0.000036	-11467.069
6810	4	110101	0.000781	0.000114	0.000057	0.000040	-11483.542
6820	4	110101	0.000685	0.000302	0.000049	0.000033	-11490.846
6830	2	110000	0.000699	0.000437	-11490.374
6840	3	111000	0.000648	0.000526	0.000418	-11494.708
6850	3	111000	0.000697	0.000565	0.000166	-11513.123
6860	2	110000	0.000622	0.000608	-11505.021
6870	3	111000	0.000720	0.000695	0.000237	-11468.117
6880	3	111000	0.000634	0.000620	0.000187	-11483.355
6890	3	111000	0.000580	0.000521	0.000353	-11481.488
6900	3	111000	0.000715	0.000682	0.000434	-11478.932
6910	2	110000	0.000855	0.000815	-11466.721
6920	3	111000	0.000818	0.000749	0.000123	-11473.151
6930	2	110000	0.000912	0.000230	-11474.590
6940	2	110000	0.000818	0.000337	-11482.311
6950	2	110000	0.000854	0.000388	-11493.056
6960	2	110000	0.000818	0.000177	-11462.510
6970	2	110000	0.000797	0.000122	-11465.370
6980	2	110000	0.001151	0.000148	-11477.905
6990	2	110000	0.000745	0.000103	-11464.183
7000	2	110000	0.000723	0.000097	-11463.095
7010	2	110000	0.000800	0.000337	-11476.512
7020	2	110000	0.000691	0.000164	-11479.688
7030	3	111000	0.000675	0.000162	0.000096	-11473.471
7040	2	110000	0.000669	0.000133	-11463.368
7050	2	110000	0.000765	0.000053	-11468.368
7060	2	110000	0.000715	0.000143	-11463.133
7070	2	110000	0.000875	0.000151	-11461.985
7080	2	110000	0.000881	0.000087	-11471.826
7090	2	110000	0.000821	0.000110	-11447.366
7100	2	110000	0.000899	0.000184	-11463.563
7110	2	110000	0.000979	0.000197	-11460.807
7120	3	111000	0.000846	0.000060	0.000001	-11458.729
7130	2	110000	0.000805	0.000054	-11459.807
7140	2	110000	0.000789	0.000074	-11449.331
7150	2	110000	0.000764	0.000047	-11468.027
7160	2	110000	0.000784	0.000080	-11460.840
7170	3	111000	0.000855	0.000086	0.000023	-11466.517
7180	3	111000	0.000634	0.000141	0.000023	-11476.738
7190	3	111000	0.000738	0.000137	0.000075	-11451.306
7200	3	111000	0.000703	0.000147	0.000086	-11461.423
7210	3	111000	0.000535	0.000181	0.000102	-11458.079
7220	3	111000	0.000639	0.000176	0.000094	-11471.150
7230	3	111000	0.000576	0.000263	0.000031	-11489.586
7240	2	110000	0.000574	0.000550	-11481.126
7250	2	110000	0.000548	0.000515	-11482.351
7260	3	111000	0.000558	0.000526	0.000291	-11475.349
7270	3	111000	0.000715	0.000475	0.000332	-11472.448
7280	2	110000	0.000718	0.000206	-11472.782
7290	2	110000	0.000771	0.000108	-11470.436
7300	2	110000	0.000754	0.000128	-11462.921
7310	2	110000	0.000823	0.000074	-11476.845
7320	2	110000	0.000949	0.000196	-11466.361
7330	2	110000	0.000926	0.000144	-11457.419
7340	3	111000	0.001077	0.000376	0.000053	-11457.462
7350	3	111000	0.000747	0.000200	0.000061	-11461.338
7360	3	111000	0.000774	0.000367	0.000029	-11469.070
7370	2	110000	0.000853	0.000536	-11488.552
7380	3	111000	0.000981	0.000700	0.000485	-11496.235
7390	3	111000	0.000922	0.000533	0.000246	-11482.142
7400	3	111000	0.001116	0.000400	0.000127	-11469.907
7410	3	111000	0.001051	0.000508	0.000170	-11465.476
7420	3	111000	0.001115	0.000444	0.000263	-11464.600
7430	3	111000	0.001229	0.000659	0.000400	-11477.404
7440	3	111000	0.001119	0.000572	0.000138	-11481.538
7450	2	110000	0.001087	0.000278	-11478.583
7460	3	110100	0.001049	0.000523	0.000029	-11477.598
7470	3	110100	0.000989	0.000283	0.000089	-11475.869
7480	3	110100	0.001201	0.000197	0.000065	-11483.853
7490	3	110100	0.000912	0.000281	0.000075	-11470.925
7500	3	110100	0.001019	0.000338	0.000031	-11487.100
7510	3	110100	0.001025	0.000503	0.000080	-11485.160
7520	2	110000	0.001062	0.000621	-11478.483
7530	2	110000	0.001024	0.000856	-11500.533
7540	2	110000	0.001053	0.000509	-11487.056
7550	2	110000	0.000946	0.000591	-11488.995
7560	2	110000	0.000889	0.000185	-11479.415
7570	2	110000	0.000916	0.000180	-11475.799
7580	2	110000	0.001173	0.000216	-11474.576
7590	2	110000	0.001199	0.000335	-11459.478
7600	2	110000	0.001309	0.000182	-11462.646
7610	3	111000	0.000917	0.000149	0.000013	-11465.544
7620	3	111000	0.001077	0.000103	0.000034	-11471.363
7630	2	110000	0.001182	0.000085	-11460.577
7640	3	110100	0.001100	0.000150	0.000003	-11477.539
7650	2	110000	0.001068	0.000049	-11485.724
7660	3	111000	0.001116	0.000027	0.000004	-11480.861
7670	2	110000	0.001208	0.000070	-11488.667
7680	2	110000	0.001294	0.000032	-11472.488
7690	2	110000	0.001165	0.000034	-11466.606
7700	2	110000	0.000954	0.000040	-11466.808
7710	2	110000	0.001045	0.000036	-11466.673
7720	2	110000	0.000869	0.000041	-11457.096
7730	2	110000	0.000869	0.000075	-11479.967
7740	2	110000	0.000998	0.000074	-11466.580
7750	2	110000	0.000890	0.000056	-11468.179
7760	2	110000	0.000872	0.000195	-11479.136
7770	2	110000	0.000970	0.000052	-11478.072
7780	2	110000	0.000914	0.000072	-11485.001
7790	3	110100	0.000802	0.000105	0.000088	-11476.906
7800	3	110100	0.000929	0.000072	0.000023	-11460.715
7810	4	110101	0.001160	0.000062	0.000020	0.000003	-11474.974
7820	3	110100	0.001401	0.000079	0.000032	-11458.841
7830	3	110100	0.001460	0.000121	0.000067	-11463.605
7840	3	110100	0.001294	0.000156	0.000040	-11469.393
7850	3	110100	0.001268	0.000179	0.000133	-11472.231
7860	3	110100	0.001405	0.000097	0.000022	-11469.252
7870	4	110110	0.001071	0.000253	0.000219	0.000033	-11481.053
7880	5	111110	0.001359	0.000234	0.000199	0.000185	0.000105	-11463.712
7890	5	111110	0.001084	0.000208	0.000141	0.000168	0.000039	-11477.252
7900	4	111100	0.001388	0.000243	0.000178	0.000220	-11466.560
7910	5	111101	0.001086	0.000155	0.000105	0.000102	0.000058	-11463.460
7920	5	111101	0.001211	0.000187	0.000180	0.000171	0.000118	-11470.367
7930	5	111101	0.001024	0.000168	0.000124	0.000091	0.000084	-11483.523
7940	5	111101	0.001024	0.000224	0.000156	0.000116	0.000062	-11476.496
7950	5	111101	0.001049	0.000239	0.000070	0.000234	0.000210	-11481.241
7960	5	110111	0.001071	0.000214	0.000203	0.000066	0.000189	-11476.160
7970	5	110111	0.001210	0.000137	0.000120	0.000107	0.000117	-11460.779
7980	5	110111	0.000821	0.000113	0.000091	0.000080	0.000078	-11476.918
7990	5	110111	0.001230	0.000113	0.000094	0.000061	0.000078	-11480.396
8000	5	110111	0.001415	0.000133	0.000112	0.000103	0.000097	-11474.199
8010	5	110111	0.001428	0.000144	0.000131	0.000105	0.000105	-11470.220
8020	5	110111	0.001367	0.000191	0.000172	0.000059	0.000088	-11474.677
8030	5	110111	0.001575	0.000185	0.000174	0.000152	0.000121	-11465.572
8040	5	110111	0.001611	0.000232	0.000209	0.000201	0.000202	-11473.214
8050	5	110111	0.001533	0.000289	0.000233	0.000229	0.000187	-11461.177
8060	5	110111	0.001492	0.000250	0.000212	0.000186	0.000119	-11464.208
8070	5	110111	0.001353	0.000311	0.000282	0.000249	0.000196	-11474.462
8080	5	110111	0.001142	0.000313	0.000218	0.000107	0.000059	-11485.000
8090	5	110111	0.001038	0.000257	0.000102	0.000069	0.000036	-11479.144
8100	4	110110	0.001267	0.000196	0.000145	0.000085	-11473.592
8110	4	110110	0.001231	0.000214	0.000196	0.000114	-11461.676
8120	4	110110	0.001287	0.000210	0.000189	0.000123	-11462.759
8130	4	110110	0.001161	0.000221	0.000100	0.000042	-11484.390
8140	4	110110	0.001116	0.000261	0.000230	0.000050	-11489.957
8150	5	110111	0.000981	0.000316	0.000295	0.000253	0.000133	-11492.948
8160	4	110110	0.000832	0.000195	0.000184	0.000115	-11473.491
8170	5	111110	0.000774	0.000106	0.000021	0.000090	0.000075	-11462.332
8180	4	110110	0.001053	0.000113	0.000089	0.000069	-11470.825
8190	4	110110	0.000933	0.000151	0.000122	0.000085	-11466.049
8200	4	110110	0.000883	0.000143	0.000121	0.000060	-11472.446
8210	4	110110	0.000904	0.000103	0.000075	0.000050	-11460.784
8220	4	110110	0.000890	0.000082	0.000063	0.000029	-11471.265
8230	4	110110	0.000978	0.000100	0.000098	0.000037	-11468.608
8240	3	110100	0.000930	0.000073	0.000057	-11465.327
8250	3	110100	0.000706	0.000092	0.000068	-11481.613
8260	4	110101	0.000687	0.000090	0.000071	0.000058	-11490.134
8270	4	110101	0.000665	0.000082	0.000078	0.000058	-11474.413
8280	4	110101	0.000905	0.000082	0.000060	0.000057	-11485.003
8290	4	110101	0.001042	0.000123	0.000086	0.000078	-11477.906
8300	4	110101	0.001004	0.000116	0.000091	0.000075	-11473.636
8310	4	110101	0.001458	0.000134	0.000103	0.000012	-11481.564
8320	4	110101	0.001117	0.000145	0.000117	0.000103	-11477.779
8330	3	110100	0.001013	0.000160	0.000142	-11484.172
8340	4	110101	0.001169	0.000211	0.000119	0.000021	-11478.247
8350	4	110101	0.001285	0.000216	0.000153	0.000059	-11462.518
8360	4	110101	0.001629	0.000207	0.000169	0.000111	-11460.221
8370	4	110101	0.001527	0.000220	0.000179	0.000153	-11473.395
8380	4	110101	0.001257	0.000306	0.000144	0.000137	-11478.812
8390	5	110111	0.001396	0.000413	0.000141	0.000021	0.000140	-11454.328
8400	5	110111	0.001121	0.000150	0.000125	0.000045	0.000120	-11470.496
8410	5	110111	0.001154	0.000148	0.000115	0.000102	0.000114	-11466.253
8420	5	110111	0.001289	0.000130	0.000096	0.000029	0.000090	-11482.663
8430	5	110111	0.001148	0.000154	0.000133	0.000122	0.000119	-11465.035
8440	5	110111	0.001205	0.000169	0.000147	0.000134	0.000139	-11474.347
8450	5	110111	0.001182	0.000139	0.000116	0.000110	0.000110	-11488.706
8460	5	110111	0.001150	0.000147	0.000122	0.000105	0.000091	-11486.161
8470	5	110111	0.001323	0.000196	0.000154	0.000132	0.000087	-11479.086
8480	5	110111	0.001042	0.000163	0.000130	0.000113	0.000073	-11461.817
8490	5	110111	0.001082	0.000196	0.000178	0.000106	0.000086	-11479.051
8500	5	110111	0.001221	0.000218	0.000210	0.000140	0.000172	-11475.522
8510	5	110111	0.001361	0.000256	0.000207	0.000180	0.000202	-11476.208
8520	5	110111	0.001119	0.000193	0.000162	0.000136	0.000160	-11482.109
8530	5	110111	0.000918	0.000203	0.000201	0.000150	0.000120	-11477.154
8540	5	110111	0.001250	0.000177	0.000145	0.000107	0.000102	-11470.636
8550	4	110110	0.001231	0.000087	0.000079	0.000048	-11479.167
8560	4	110110	0.001109	0.000076	0.000067	0.000029	-11474.118
8570	3	110100	0.001082	0.000094	0.000079	-11459.967
8580	3	110100	0.000985	0.000155	0.000069	-11471.291
8590	5	110111	0.001089	0.000135	0.000102	0.000021	0.000079	-11473.108
8600	4	110101	0.001348	0.000159	0.000138	0.000113	-11460.984
8610	4	110101	0.001256	0.000141	0.000130	0.000045	-11461.010
8620	4	110101	0.001305	0.000134	0.000132	0.000083	-11459.239
8630	4	110101	0.001097	0.000127	0.000046	0.000021	-11458.500
8640	3	110100	0.001240	0.000121	0.000099	-11460.218
8650	4	110110	0.001257	0.000126	0.000102	0.000010	-11472.137
8660	4	111100	0.001242	0.000235	0.000103	0.000217	-11477.412
8670	4	110101	0.001186	0.000248	0.000147	0.000094	-11473.188
8680	4	110101	0.001560	0.000143	0.000095	0.000079	-11459.072
8690	4	110101	0.001658	0.000171	0.000103	0.000048	-11456.918
8700	4	110110	0.001453	0.000114	0.000102	0.000002	-11456.666
8710	4	110110	0.001418	0.000120	0.000113	0.000019	-11471.229
8720	4	110110	0.001769	0.000126	0.000116	0.000029	-11454.480
8730	4	110101	0.001804	0.000128	0.000118	0.000005	-11479.502
8740	4	111100	0.001880	0.000109	0.000022	0.000103	-11468.841
8750	3	110100	0.001780	0.000138	0.000058	-11453.657
8760	3	110100	0.001591	0.000137	0.000074	-11485.704
8770	3	110100	0.001581	0.000138	0.000127	-11472.304
8780	4	110110	0.001598	0.000164	0.000120	0.000013	-11473.171
8790	3	110100	0.001566	0.000214	0.000099	-11463.239
8800	3	110100	0.001058	0.000225	0.000036	-11477.377
8810	3	110100	0.001011	0.000146	0.000081	-11482.653
8820	4	111100	0.001306	0.000128	0.000058	0.000034	-11481.615
8830	3	110100	0.001133	0.000135	0.000081	-11472.671
8840	4	110110	0.001400	0.000132	0.000017	0.000000	-11464.509
8850	3	110100	0.001547	0.000112	0.000040	-11462.037
8860	2	110000	0.001170	0.000040	-11459.279
8870	2	110000	0.001537	0.000065	-11457.093
8880	2	110000	0.001678	0.000062	-11461.861
8890	2	110000	0.001442	0.000111	-11476.036
8900	2	110000	0.001395	0.000059	-11447.830
8910	2	110000	0.001307	0.000122	-11473.542
8920	2	110000	0.001346	0.000028	-11475.203
8930	2	110000	0.001321	0.000112	-11460.418
8940	2	110000	0.001249	0.000078	-11453.101
8950	2	110000	0.001470	0.000116	-11457.653
8960	2	110000	0.001339	0.000302	-11474.596
8970	3	111000	0.001382	0.000210	0.000047	-11464.462
8980	2	110000	0.001570	0.000166	-11456.421
8990	2	110000	0.001351	0.000130	-11469.084
9000	2	110000	0.001301	0.000077	-11457.395
9010	2	110000	0.001315	0.000151	-11456.143
9020	2	110000	0.001094	0.000253	-11460.346
9030	3	111000	0.001159	0.000136	0.000022	-11465.233
9040	2	110000	0.001662	0.000127	-11458.634
9050	2	110000	0.001415	0.000087	-11470.305
9060	2	110000	0.001598	0.000463	-11471.422
9070	2	110000	0.001541	0.000647	-11471.947
9080	2	110000	0.001572	0.000748	-11487.404
9090	3	111000	0.001289	0.000513	0.000026	-11481.134
9100	3	111000	0.001500	0.001326	0.000125	-11480.223
9110	2	110000	0.001359	0.001014	-11489.622
9120	2	110000	0.001303	0.001135	-11489.559
9130	2	110000	0.001327	0.000952	-11484.059
9140	2	110000	0.001076	0.000526	-11493.375
9150	2	110000	0.001159	0.000462	-11478.904
9160	2	110000	0.001624	0.000074	-11454.774
9170	2	110000	0.001499	0.000153	-11471.353
9180	2	110000	0.001434	0.000099	-11465.206
9190	2	110000	0.001030	0.000054	-11458.172
9200	2	110000	0.001229	0.000044	-11462.698
9210	2	110000	0.001312	0.000055	-11474.999
9220	2	110000	0.001044	0.000041	-11464.593
9230	3	110100	0.000900	0.000042	0.000020	-11473.115
9240	2	110000	0.000932	0.000047	-11467.989
9250	2	110000	0.000894	0.000043	-11470.968
9260	2	110000	0.000722	0.000074	-11475.450
9270	2	110000	0.000985	0.000079	-11475.329
9280	2	110000	0.001179	0.000165	-11459.271
9290	2	110000	0.001269	0.000121	-11463.861
9300	2	110000	0.001359	0.000171	-11467.953
9310	2	110000	0.001035	0.000110	-11458.064
9320	2	110000	0.001227	0.000113	-11456.160
9330	2	110000	0.001054	0.000108	-11452.805
9340	2	110000	0.001165	0.000167	-11481.048
9350	2	110000	0.000930	0.000116	-11472.326
9360	2	110000	0.000993	0.000123	-11458.704
9370	3	110100	0.001006	0.000142	0.000024	-11464.553
9380	2	110000	0.001135	0.000123	-11454.379
9390	2	110000	0.001324	0.000107	-11461.409
9400	2	110000	0.001251	0.000178	-11457.514
9410	2	110000	0.001059	0.000046	-11474.110
9420	2	110000	0.001058	0.000227	-11466.802
9430	2	110000	0.000936	0.000432	-11480.613
9440	2	110000	0.000951	0.000543	-11482.012
9450	2	110000	0.000938	0.000216	-11492.452
9460	2	110000	0.001031	0.000299	-11476.640
9470	2	110000	0.001146	0.000119	-11463.477
9480	2	110000	0.001385	0.000068	-11453.256
9490	2	110000	0.001271	0.000278	-11457.860
9500	2	110000	0.001140	0.000249	-11476.214
9510	2	110000	0.001071	0.000125	-11464.959
9520	2	110000	0.000967	0.000048	-11477.537
9530	2	110000	0.000933	0.000111	-11469.397
9540	2	110000	0.001178	0.000061	-11450.592
9550	2	110000	0.001041	0.000069	-11465.825
9560	2	110000	0.001016	0.000020	-11470.078
9570	2	110000	0.000931	0.000017	-11472.537
9580	2	110000	0.001249	0.000026	-11472.763
9590	2	110000	0.001242	0.000036	-11463.325
9600	3	110100	0.000915	0.000049	0.000001	-11480.413
9610	2	110000	0.000936	0.000019	-11487.128
9620	2	110000	0.001223	0.000054	-11492.610
9630	2	110000	0.001117	0.000037	-11489.512
9640	2	110000	0.001255	0.000028	-11467.060
9650	2	110000	0.001143	0.000063	-11485.037
9660	3	111000	0.001140	0.000054	0.000044	-11467.476
9670	2	110000	0.001770	0.000062	-11471.338
9680	2	110000	0.001616	0.000068	-11474.392
9690	2	110000	0.001954	0.000088	-11477.005
9700	2	110000	0.001629	0.000059	-11482.562
9710	2	110000	0.001618	0.000061	-11470.768
9720	2	110000	0.001741	0.000096	-11490.412
9730	2	110000	0.001518	0.000066	-11462.999
9740	2	110000	0.001634	0.000191	-11464.959
9750	2	110000	0.001920	0.000098	-11445.983
9760	2	110000	0.001541	0.000062	-11465.835
9770	2	110000	0.001528	0.000238	-11473.465
9780	2	110000	0.001421	0.000240	-11482.362
9790	2	110000	0.001293	0.000229	-11467.732
9800	2	110000	0.001231	0.000387	-11476.723
9810	3	111000	0.001206	0.001050	0.000179	-11481.574
9820	3	111000	0.000999	0.000707	0.000566	-11479.949
9830	3	111000	0.001076	0.000710	0.000130	-11480.106
9840	3	111000	0.000915	0.000687	0.000422	-11484.693
9850	3	111000	0.000975	0.000586	0.000029	-11484.634
9860	3	111000	0.000848	0.000677	0.000025	-11483.652
9870	2	110000	0.000869	0.000712	-11482.957
9880	2	110000	0.001105	0.000952	-11485.521
9890	3	111000	0.001085	0.000995	0.000102	-11480.330
9900	3	111000	0.000937	0.000844	0.000112	-11486.347
9910	3	111000	0.000953	0.000625	0.000336	-11485.031
9920	3	111000	0.000815	0.000600	0.000133	-11492.949
9930	3	111000	0.001102	0.000703	0.000210	-11495.554
9940	3	111000	0.000883	0.000437	0.000435	-11482.028
9950	3	111000	0.000826	0.000363	0.000361	-11481.610
9960	2	110000	0.001080	0.000613	-11475.468
9970	2	110000	0.001023	0.000828	-11485.075
9980	2	110000	0.001130	0.000902	-11475.085
9990	3	111000	0.001053	0.000769	0.000123	-11487.478
10000	3	111000	0.001000	0.000596	0.000257	-11476.031
